Param name,Param value,Param stdv,Param p-value,BT,BV,CD,CH,BU,CS,CA,DP,BT*BT,BT*BV,BT*CD,BT*CH,BT*BU,BT*CS,BT*CA,BT*DP,BV*BT,BV*BV,BV*CD,BV*CH,BV*BU,BV*CS,BV*CA,BV*DP,CD*BT,CD*BV,CD*CD,CD*CH,CD*BU,CD*CS,CD*CA,CD*DP,CH*BT,CH*BV,CH*CD,CH*CH,CH*BU,CH*CS,CH*CA,CH*DP,BU*BT,BU*BV,BU*CD,BU*CH,BU*BU,BU*CS,BU*CA,BU*DP,CS*BT,CS*BV,CS*CD,CS*CH,CS*BU,CS*CS,CS*CA,CS*DP,CA*BT,CA*BV,CA*CD,CA*CH,CA*BU,CA*CS,CA*CA,CA*DP,DP*BT,DP*BV,DP*CD,DP*CH,DP*BU,DP*CS,DP*CA,DP*DP
BT,0.8282229923831335,0.056971096,7.000435101502441e-48,0.0032457057,0.00017857623,0.000146871,0.00096769375,0.00048805296,2.464959e-05,1.810444e-05,1.6380987e-05,-0.0022630552,-0.0025892179,-0.000989035,-0.00092022447,-0.0038409755,0.00068510236,0.0052374867,0.0012526386,0.0002071931,-0.00018792316,0.00026776743,0.0004248042,0.00074300385,0.00022049839,-1.5174029e-06,-0.00042105632,1.377591e-05,0.00082514726,-0.00037139593,0.00074986735,0.00019444617,4.298926e-05,-0.00045086996,-0.0007766475,-0.00024258424,0.0006684726,-0.00064904435,-0.003907248,-8.738313e-05,-5.693514e-05,-0.0016207314,-0.0023021323,-0.0005006906,5.5341116e-05,-0.00010961471,0.0001250065,-0.00028681158,-5.9603393e-05,-0.000653224,-6.9923764e-05,6.633459e-05,1.5831563e-05,-9.6251075e-05,7.314609e-07,-6.0871473e-05,-3.737421e-05,5.823116e-05,7.2155344e-05,0.00018624651,9.332664e-06,-5.2389412e-05,7.466608e-05,-7.167013e-05,3.6741032e-05,-0.0002806356,-0.0023505578,0.0008460504,-3.3089393e-05,0.00065589196,-0.0022959313,-0.00047997112,-2.1401209e-05,-0.0065718214,4.444552e-05
BV,0.8674373365443031,0.042222247,8.609374064152907e-94,0.00017857623,0.0017827181,5.7475623e-05,0.00026233948,0.0003191514,4.5394463e-05,-9.430941e-05,-1.1442103e-05,-0.00014465074,-0.00029461907,-1.122041e-05,-8.632187e-06,-3.6174646e-05,0.00012569602,-0.00013922642,7.083812e-05,-0.0010665831,-0.0017996434,-0.001537817,-0.00076694525,-0.0020421555,3.737102e-05,0.000116690506,0.0011781676,-1.21209405e-05,-0.00028317873,-9.487653e-05,-0.00018683038,-1.6421858e-05,-3.561599e-07,-7.4403375e-05,-0.00050288957,-9.068853e-05,0.0001089128,-0.00024196427,-0.0011489902,-3.5257424e-05,8.699698e-06,-0.00086883735,-0.0012811205,-0.00018816943,-0.0003526942,-0.00013379502,0.0012102835,-0.0002361212,-2.4711344e-05,-0.0007813034,-0.0001221821,1.4337552e-05,8.379799e-05,7.651586e-05,1.8539924e-05,2.4271596e-05,-0.00012616439,2.1911916e-05,-0.00020937396,0.00017810812,-0.0011294757,8.17688e-05,-0.0012939278,-0.00023022566,-0.00104099,0.003937656,0.0016099733,-7.937847e-05,6.975337e-06,-8.908138e-05,0.0003662029,-0.00015975125,1.4627813e-05,0.003503392,6.8197855e-06
CD,0.6751364022874033,0.04976268,6.273676857906103e-42,0.000146871,5.7475623e-05,0.0024763243,0.0011581484,-3.116596e-05,6.234289e-05,-1.9876568e-05,2.4067798e-05,-8.710728e-05,0.0003208681,1.0774782e-05,-3.624016e-05,5.8829963e-05,-0.0001138482,-0.0006175603,-2.7590817e-05,0.00015863912,-8.4342566e-05,0.0001972407,0.00037110355,0.0003239585,0.00015767368,2.0442833e-06,-0.00014092459,-0.00015119382,0.0001994255,-0.0048331087,-0.00875834,-0.00059112743,-0.00036126564,0.0003776512,0.0009678459,-0.0002893547,0.00090592063,-0.0009814628,-0.0049863737,-2.2221902e-05,-5.3336285e-06,-0.0019867034,-0.002661874,0.00013462055,0.00018086714,-5.907237e-05,-0.0014700885,5.1551862e-05,2.0203753e-08,0.00044933608,2.2810407e-05,-3.0708023e-05,-2.437644e-05,0.00047277252,-1.598174e-05,-2.9269393e-05,-0.000121605895,-2.177976e-05,0.00015768237,-6.3989996e-06,2.6046231e-05,0.00015070391,-0.00014335055,4.335384e-05,3.3158896e-05,5.2615687e-05,-0.00012983821,0.00013566922,-1.3512629e-06,0.0015586232,-0.0016417184,1.6017551e-05,6.746442e-06,-0.004633466,-5.9707454e-05
CH,0.6393567046203326,0.06383333,1.2960229833943568e-23,0.00096769375,0.00026233948,0.0011581484,0.0040746946,-0.00026116654,6.600138e-05,-2.3348111e-06,2.55534e-06,-0.0007266049,8.289315e-05,-0.000485641,-0.00017019069,-0.0007559092,0.00019200418,-0.00075083633,-0.00022345949,0.00015592892,-0.00029943933,0.00048177573,0.00039982976,-0.00023541626,0.00029616768,-1.7621463e-06,-0.000103575454,-0.000118630516,0.0027509006,-0.0027040453,0.0007420838,0.00025787356,-6.354308e-05,-0.0010527653,-0.004271627,-0.0010590579,0.00086439017,-0.0026339628,-0.01608273,-0.0002965535,-0.00017133434,-0.0040007294,-0.008592901,0.00028443124,0.0001091003,0.00022126145,-0.005314031,0.00026839084,-6.182095e-06,0.0009076476,0.00016817846,3.079173e-05,-9.475853e-06,0.00010576938,3.6785244e-05,3.451133e-05,-0.00015397166,8.3973886e-05,2.3998045e-05,0.000193899,-0.000293765,-6.013255e-05,-0.0029667665,-0.0001262216,-0.00037589978,0.0013195439,-0.0020585575,0.0004752894,-7.374581e-05,-6.5154396e-05,-0.009019894,-0.00017565579,-3.345355e-05,-0.0033586011,0.0001894903
BU,0.8418583033956398,0.042095568,5.648189147699597e-89,0.00048805296,0.0003191514,-3.116596e-05,-0.00026116654,0.0017720368,4.6493545e-07,1.5503942e-05,-3.8683625e-05,-0.0003519719,-2.287782e-05,-0.0003472919,-0.00018237263,6.634845e-05,-0.00019436778,-0.0011656977,-0.00032253223,-8.5106105e-05,-0.00031908407,-0.0002642578,-2.7178961e-05,0.0004691452,4.7132427e-05,1.31357165e-05,-0.00026455004,-9.4718854e-07,-0.000105714586,9.967135e-05,-0.000117735464,2.541869e-05,-1.4224829e-06,0.0001298863,0.0003564191,0.00014665653,-0.00010169081,0.00030250126,0.0010753821,3.412648e-05,5.204065e-06,-0.0002789178,0.0013064564,-0.0009053139,-0.0017782126,-0.0012648337,-0.0021313687,-0.0011109617,-0.00017310237,-0.0005078053,-0.00022224168,9.214369e-06,2.0032487e-05,4.8551833e-06,1.1583214e-06,-0.00011523604,-3.720053e-06,1.6407228e-05,-0.00028429218,1.9809364e-05,-0.00010714508,-5.3262165e-06,0.0003923644,-0.0001289303,-2.2592129e-05,9.058184e-06,-0.0014687683,0.00030344687,-3.0183108e-05,0.00070092035,-0.0004974863,-0.0016267543,-1.0724174e-06,0.0014005443,0.0002513643
CS,0.47820805796613014,0.024088312,1.0529980282504818e-87,2.464959e-05,4.5394463e-05,6.234289e-05,6.600138e-05,4.6493545e-07,0.00058024673,-2.21468e-05,3.384996e-06,-9.101739e-06,-2.815861e-05,-1.904204e-05,-2.5037445e-05,-4.8466038e-05,-2.1067623e-05,-8.536001e-05,1.3406454e-05,-4.22261e-06,-4.4265737e-05,-2.3715006e-06,1.09203065e-05,-1.0900753e-05,1.2230096e-05,-9.557252e-06,8.525577e-06,-2.736559e-06,8.365068e-05,-0.00013676907,-0.00010744194,-5.7047437e-06,-2.4497936e-05,-1.0518023e-05,-0.00012823737,-1.9018895e-05,3.6195368e-05,-4.7250047e-05,-0.00024910018,-4.1173735e-06,1.9207419e-06,-9.623824e-05,-0.00019236113,3.558042e-06,2.984866e-05,-3.129863e-06,2.8834495e-05,-8.033516e-07,1.4032532e-05,3.602278e-05,-7.083937e-07,-0.00014534118,-0.0004263869,-0.001094701,-0.00014769919,-0.00020065859,-0.0011925293,0.00070229644,-0.0038259563,-1.0225221e-05,-5.289998e-05,1.01370215e-05,-8.799075e-05,-1.1537729e-05,-6.8017536e-05,0.00037641116,-9.969679e-06,2.7387367e-05,7.758778e-06,-9.939053e-05,-7.516701e-06,2.851425e-05,-3.3642726e-05,0.00025945329,-3.5693603e-05
CA,0.12461068043540227,0.02309708,6.849153980598831e-08,1.810444e-05,-9.430941e-05,-1.9876568e-05,-2.3348111e-06,1.5503942e-05,-2.21468e-05,0.0005334751,6.738205e-05,-5.3386766e-06,4.2433327e-05,-3.5861587e-05,3.254397e-06,-6.193851e-05,-7.1975825e-05,0.00012538035,9.638849e-05,5.354345e-05,8.431209e-05,9.8651326e-05,6.9185764e-05,0.00026068173,3.464474e-05,7.8044635e-05,5.7832065e-05,1.6714721e-06,-2.5788336e-06,5.9662532e-05,5.15472e-05,-2.0627593e-05,-2.5653804e-05,2.6059957e-05,0.0005404032,1.3689446e-05,-1.2271386e-05,6.8535446e-05,6.866544e-07,7.4088903e-06,5.0495846e-06,0.00022205885,-0.00021941499,6.515502e-06,5.022907e-05,-7.3199685e-06,-0.00012764029,-4.0450254e-06,-2.885348e-06,-0.0002286696,1.0658429e-05,9.70177e-07,1.5436523e-05,1.6209264e-05,5.1399734e-06,1.2180866e-06,4.8955084e-05,9.467293e-05,0.0011639573,-3.2419186e-05,-0.00048770322,-0.000108586515,-0.0024505975,-0.0005711729,-0.0005738529,-0.0009419722,0.00042095577,6.917039e-05,-7.4642434e-05,-0.00024252514,-0.0005276185,-0.00014865695,-3.6787475e-05,0.004912626,-1.6531625e-05
DP,0.2562593003815711,0.016604735,9.834135795790368e-54,1.6380987e-05,-1.1442103e-05,2.4067798e-05,2.55534e-06,-3.8683625e-05,3.384996e-06,6.738205e-05,0.00027571723,-1.1730876e-05,-4.0255793e-05,5.384456e-05,2.9460011e-06,-4.951911e-05,-2.404839e-05,-0.00019691672,-7.2745126e-05,1.0524549e-05,1.5315914e-05,1.3178743e-05,-1.543716e-05,-2.2375367e-05,-3.3615073e-05,2.147309e-06,-2.4330988e-05,2.7916178e-06,-1.0242671e-06,-3.680118e-05,-7.832933e-05,-3.767606e-06,1.0262841e-05,-1.7199845e-05,-0.00031298248,1.6161372e-05,5.5412784e-05,-4.3365133e-05,-2.1070884e-05,6.2638596e-06,7.484121e-06,0.000234013,1.7559685e-05,1.3938187e-05,4.94246e-05,-1.2555516e-05,0.00021719604,1.4200477e-05,7.205295e-06,0.00011052759,0.00011008752,-1.7061233e-05,-2.1054673e-05,3.3704393e-05,-1.7371796e-05,-3.9469953e-05,2.0507518e-05,-7.615653e-05,0.0030249218,4.931096e-05,-0.00012922607,-1.5661084e-05,-0.0005377446,-0.00012572472,-0.00016950726,0.00018686183,3.3865166e-05,6.93949e-05,-0.00015921264,-4.0702365e-05,-0.0016055505,-0.00011773445,-0.00015728838,-0.0031278394,-0.0004551487
BT*BT,-0.5869508410108341,0.049501278,1.9726431331023667e-32,-0.0022630552,-0.00014465074,-8.710728e-05,-0.0007266049,-0.0003519719,-9.101739e-06,-5.3386766e-06,-1.1730876e-05,0.0024503765,0.0011168177,-9.349931e-05,0.00030665164,0.0020260236,-0.0028931065,-0.0042001377,-0.0011529856,0.00025141012,0.0001682473,-0.00024243911,-0.0004286313,-0.0007980875,-0.00026531058,-1.1759259e-05,0.00026420286,8.462038e-06,-0.00067721546,0.0002563546,-0.00069066155,-0.00015451947,-1.94724e-05,0.0003703848,0.0004726045,0.00023621134,-0.0005061234,0.00034307528,0.0029972913,6.0059156e-05,2.4611127e-05,0.0009061192,0.0018452781,0.0007146019,-0.00020510046,-0.00018705592,-0.000827352,0.0002321698,2.5759324e-05,0.0002627318,4.3431122e-05,-1.7763328e-05,-2.2717295e-05,6.995086e-05,-3.849071e-06,3.289219e-05,1.7178107e-05,-4.1643005e-05,-4.7699392e-05,-0.0001257787,-2.734202e-05,4.877165e-05,-9.24151e-05,1.498679e-05,-6.353542e-05,0.00023951643,0.0020667738,-0.0006148387,2.9631728e-05,-0.00056947925,0.001810632,0.00034536276,2.042361e-05,0.0062505407,-4.395098e-05
BT*BV,0.00574674587263764,0.13954112,0.9671498693527947,-0.0025892179,-0.00029461907,0.0003208681,8.289315e-05,-2.287782e-05,-2.815861e-05,4.2433327e-05,-4.0255793e-05,0.0011168177,0.019471724,-0.00017577161,-0.0012726621,0.0025345662,0.001608617,-0.0048417808,-0.00142685,0.0023026625,0.00046352786,-0.00011313306,-0.0006631578,0.00042133415,-0.00087390566,-0.00012702656,-0.0007896584,-4.935606e-05,0.00016251623,-0.00070451596,-0.0014126955,-7.4641184e-06,0.0002090593,0.00014483173,-0.0005602273,4.796971e-05,0.0010915454,-0.0005465128,-0.0009370722,-3.8116625e-05,3.302576e-05,0.0006863713,0.0004252821,0.00026478234,0.00078375806,-0.00076503237,0.0031485206,-0.00018587217,7.2222583e-06,0.00029593622,0.00015031273,-2.5342372e-06,-4.5076617e-05,0.0006353908,5.1791405e-05,0.00018473348,-1.7434171e-05,0.000106488034,0.00017624076,-7.8975485e-05,-3.7191614e-05,0.00012876821,-0.00028486244,4.73826e-06,7.4783326e-05,-0.00027224165,0.0014203946,0.00048664652,9.455274e-05,-0.0038623153,0.0007993931,3.8642385e-05,9.9908275e-06,0.012749061,6.705957e-05
BT*CD,-0.24233044558881364,0.11742531,0.039046300064574276,-0.000989035,-1.122041e-05,1.0774782e-05,-0.000485641,-0.0003472919,-1.904204e-05,-3.5861587e-05,5.384456e-05,-9.349931e-05,-0.00017577161,0.013788703,-0.0011921595,-0.0018910666,-0.0014611962,-0.008427502,0.0013906476,-0.0007091827,-5.38151e-05,0.00087457267,0.00029376463,-0.0004224167,0.00010603347,6.805913e-05,0.0006751537,9.979728e-05,-0.00033713,0.0003183544,-0.0010189806,-1.0079999e-06,-0.00024272659,6.684512e-05,-0.0009775539,0.00023266925,-0.00042994026,0.0015561697,0.001922416,3.3586213e-05,2.065575e-05,-0.0015499907,-0.0012106595,0.00012270783,2.1590931e-06,0.0034915474,5.2589396e-05,5.0826664e-05,7.917488e-05,-0.0013496357,-4.65203e-05,-6.966112e-05,1.9043819e-05,-8.527581e-05,3.909968e-05,0.000115539995,-1.9458876e-05,0.00028157697,0.0028444577,6.411708e-05,0.00010702909,0.00047291056,0.0011349877,9.4608746e-05,5.9114762e-05,-9.765417e-05,-0.00079746643,-0.00045376804,-8.8806264e-05,0.0024790526,0.0004613694,0.00029899308,4.6385616e-05,-0.016602153,3.2571552e-05
BT*CH,-0.06913493572843296,0.16245848,0.6704325064903016,-0.00092022447,-8.632187e-06,-3.624016e-05,-0.00017019069,-0.00018237263,-2.5037445e-05,3.254397e-06,2.9460011e-06,0.00030665164,-0.0012726621,-0.0011921595,0.02639276,-0.0026334187,-0.00169969,-0.01093838,-0.001928884,-0.00033337736,-5.0270988e-05,0.00016988721,0.0005303677,0.00020049165,0.0003163003,5.7441393e-05,0.00034986282,-3.2890886e-05,-0.00019528944,2.958306e-05,0.00061777537,2.0895724e-05,0.00010260587,0.00011911437,-1.6612517e-05,0.00038984828,-2.1834069e-06,0.00028774916,0.0006951714,-7.489788e-05,-2.594362e-05,-0.0011003237,0.00022058266,-0.0005034999,0.00033663548,0.0003269855,0.0050306097,-2.5076648e-05,5.310037e-05,0.00061344204,0.00012297036,-5.0906052e-05,8.9366e-06,0.00016725731,1.5418701e-06,7.795714e-05,2.2847931e-05,6.1003713e-05,0.00026350722,0.00025025505,5.5445696e-05,7.900859e-05,0.0005861052,-4.030195e-05,4.1814223e-05,-0.00012505519,-0.000108725624,0.00042785748,-3.1877425e-06,-0.00032784755,0.00022524717,0.00016671518,-8.061002e-06,-0.0021524522,7.6096753e-06
BT*BU,-0.37765149647096513,0.13722032,0.005920462565629472,-0.0038409755,-3.6174646e-05,5.8829963e-05,-0.0007559092,6.634845e-05,-4.8466038e-05,-6.193851e-05,-4.951911e-05,0.0020260236,0.0025345662,-0.0018910666,-0.0026334187,0.018829416,-0.005194848,-0.021609886,-0.00738637,-0.00020988233,-4.0543357e-05,-0.0009904297,-0.00017500416,0.0012106231,0.00052179466,7.423997e-05,0.00034005285,-7.416248e-05,-0.00032315662,-0.00015323763,-0.00019050203,-0.00029159998,2.8700824e-05,0.0003806092,0.0026389398,0.00010698741,-0.0010106124,0.0015704028,0.0031170908,0.00020127869,7.589344e-05,0.0010734746,0.0032007983,0.002489679,0.00028855493,-0.00068646396,-0.0002405694,0.00013150077,-7.352921e-05,-0.00053051923,-1.6644353e-05,-0.00012787279,9.412881e-05,0.00051184325,7.502057e-05,0.00011358821,8.694173e-06,0.00016352576,-0.0014157582,0.0003780592,0.00017672536,-0.00024780328,0.0005775672,0.0004943285,0.00034972822,-0.00050677446,-0.00018027963,1.971141e-05,4.7675394e-06,0.002500093,0.0008384837,-0.00012179602,-1.2813483e-05,0.0013550728,6.58852e-05
BT*CS,0.29745098979141654,0.2951835,0.3136073433984573,0.00068510236,0.00012569602,-0.0001138482,0.00019200418,-0.00019436778,-2.1067623e-05,-7.1975825e-05,-2.404839e-05,-0.0028931065,0.001608617,-0.0014611962,-0.00169969,-0.005194848,0.0871333,-0.046766564,-0.0018022406,-0.00074778654,-0.00025681278,0.000576643,0.0008578977,0.00090717425,0.00050173653,0.0001215641,0.00067785406,4.934386e-06,0.00076087634,3.3453936e-05,0.001530949,0.00011946014,-0.00038157805,-0.00017517914,0.00019515806,0.00013487035,-8.755835e-05,0.000292407,-0.0011122156,2.608602e-05,0.00039939157,0.006582348,-0.0013969197,-0.00088347687,0.00074961636,0.0013297433,0.0053692744,-0.00012959377,0.00045093597,0.00563022,6.550544e-05,0.0008624011,-0.00015999301,-0.0011574874,-0.0002765487,-0.0005673446,0.0005587686,-0.0019183933,-0.004608887,0.0005061362,0.00024236571,8.9366535e-05,0.0005305104,0.00023945552,0.0004804363,-0.0005802326,-0.00120094,0.0012613703,3.0065756e-05,-0.00088026514,0.0002824937,0.0004658983,-0.00011002806,-0.0037081465,-8.0229205e-05
BT*CA,-0.5051512092751709,0.8953611,0.5726267966355253,0.0052374867,-0.00013922642,-0.0006175603,-0.00075083633,-0.0011656977,-8.536001e-05,0.00012538035,-0.00019691672,-0.0042001377,-0.0048417808,-0.008427502,-0.01093838,-0.021609886,-0.046766564,0.80167156,-0.0035744023,0.00086182734,-0.00011687489,0.0009563594,0.0017130767,0.0011274152,0.0014732155,0.00030347455,0.0023600582,0.00022074587,-0.0006838238,0.0013215987,0.0016723652,-1.2509103e-06,0.00086423475,-0.0023296936,0.00933462,0.0012125645,0.0009500476,-0.0010411267,0.00059661316,-5.7573885e-05,0.0007574442,0.06140779,-0.007617157,0.00093690166,0.0020682227,-0.0009870974,0.016798146,-5.0301416e-05,0.0008556359,0.043543346,-0.00021032659,-0.0004703253,1.0153852e-05,0.0020828997,0.00012752823,0.00058334623,-0.00014303216,-0.0014296306,-0.0041656666,0.0026476586,0.00025224796,0.00028855837,-0.0034642378,-0.0002827151,0.0014906817,-0.0015041475,0.010099168,4.327041e-06,0.00045032296,-0.025916569,0.00934514,0.0027284513,9.1195434e-05,0.14235918,-0.0006045696
BT*DP,-0.09901952579012065,0.32132843,0.7579630589162656,0.0012526386,7.083812e-05,-2.7590817e-05,-0.00022345949,-0.00032253223,1.3406454e-05,9.638849e-05,-7.2745126e-05,-0.0011529856,-0.00142685,0.0013906476,-0.001928884,-0.00738637,-0.0018022406,-0.0035744023,0.10325196,0.00024587163,-0.00011814124,-0.00035975553,0.00036600005,0.00059121946,0.00041092577,3.7760543e-05,0.00020374882,1.868672e-05,6.06108e-05,7.612641e-06,-0.00072281586,0.00011736949,0.00028291432,0.0010504137,0.0013594261,0.00047283617,3.37582e-05,-0.0015986921,0.00081815093,-2.4605082e-05,-4.2301785e-05,-0.004869244,0.009174357,0.00026728289,0.0009577344,-0.00033129295,0.004928401,6.03366e-05,8.194529e-05,0.00012964534,0.0006737652,-0.00013278578,-5.248336e-05,0.00012094243,-0.000108664695,-0.00023676344,0.00010240393,-0.00012835815,-0.005523726,0.00025402027,-0.00017690733,-0.00078417495,-0.00046377207,-0.00033751866,-0.0005218165,0.00039361155,0.0053694313,0.0016839129,9.640609e-05,-0.0026849892,2.6158232e-05,0.00037342348,-0.00010369674,0.025134059,-0.00015664019
BV*BT,-0.48321330101802773,0.053137317,9.574995995013149e-20,0.0002071931,-0.0010665831,0.00015863912,0.00015592892,-8.5106105e-05,-4.22261e-06,5.354345e-05,1.0524549e-05,0.00025141012,0.0023026625,-0.0007091827,-0.00033337736,-0.00020988233,-0.00074778654,0.00086182734,0.00024587163,0.0028235745,0.0010852631,0.000750924,-0.00015201232,0.00055317034,-0.0005812901,-9.3099785e-05,-0.00080217153,1.9304573e-05,0.00035287454,-0.0003451248,-0.00028023208,-1.9997104e-05,8.186799e-05,-5.280393e-05,-0.000652794,4.5666613e-05,0.00027754248,-0.0003447193,-0.00065304694,-4.3995237e-06,-1.2664478e-05,0.00030847147,8.685245e-05,0.00076415506,-0.0002189169,-0.00064632046,-3.6826117e-05,2.8470315e-05,4.6142686e-06,4.37973e-05,6.200295e-05,6.6588975e-05,-9.339263e-05,0.00017702048,2.9683233e-05,3.5631198e-05,-9.728085e-06,0.00016575883,0.00062928663,-0.00022263816,0.00068108534,0.0001228649,0.00066253816,0.00018602649,0.00063546206,-0.002382074,-0.00022450963,0.0004794057,-1.5233226e-06,-0.0007216396,-0.0006167844,1.2498411e-05,6.083186e-06,-0.00096764875,1.1964556e-05
BV*BV,-0.7815104755460257,0.047708403,2.614890042142872e-60,-0.00018792316,-0.0017996434,-8.4342566e-05,-0.00029943933,-0.00031908407,-4.4265737e-05,8.431209e-05,1.5315914e-05,0.0001682473,0.00046352786,-5.38151e-05,-5.0270988e-05,-4.0543357e-05,-0.00025681278,-0.00011687489,-0.00011814124,0.0010852631,0.0022760916,0.0014736154,6.0141192e-05,0.0021061378,-0.00083460053,-0.00037702164,-0.0022489715,1.6634083e-05,0.00031713754,0.00015804681,0.00020171853,1.4442966e-06,-1.136541e-05,7.066256e-05,3.316199e-05,0.000103623315,-0.00014170658,0.00026467806,0.0013420568,4.075251e-05,-1.0773201e-05,0.0006880905,0.0010661117,0.00018958226,0.00092877704,-2.1306292e-05,-0.0018221061,0.00025347073,2.1459144e-05,0.000250712,6.294419e-05,-2.2395096e-05,4.5296096e-05,-0.00011789172,-2.6967053e-05,-4.2214215e-05,0.00013266703,-4.8109534e-05,0.00018688552,-0.00018533893,0.00091324054,-7.5372656e-05,0.0014522077,0.0002547319,0.0010842005,-0.004028301,-0.0005440779,6.8863854e-05,-3.810822e-05,6.4249325e-05,-0.0002813218,0.00016630818,-1.9538811e-05,-0.003526245,-1.3173312e-06
BV*CD,-0.780812229759351,0.1090509,8.063504452652163e-13,0.00026776743,-0.001537817,0.0001972407,0.00048177573,-0.0002642578,-2.3715006e-06,9.8651326e-05,1.3178743e-05,-0.00024243911,-0.00011313306,0.00087457267,0.00016988721,-0.0009904297,0.000576643,0.0009563594,-0.00035975553,0.000750924,0.0014736154,0.011892098,0.0003895377,-0.0011758718,0.00015881828,-0.00014992834,-0.0024579468,-0.00010227642,0.005029967,-0.0002516257,-0.0020536862,-9.4546056e-05,2.397801e-05,-0.00049778743,0.00045295776,-0.00024907946,0.0008636771,-0.00014087032,-0.002450137,-1.4253053e-05,-2.8552186e-05,0.0011823649,0.0012033273,-0.00034159308,-0.0014542132,0.002492763,-0.0005154373,0.00013012014,5.5413407e-06,0.0027595658,0.00038959083,2.7230812e-05,-9.5849304e-05,0.00039434189,7.2860615e-07,-3.463687e-05,2.0143003e-05,-2.697125e-05,-0.000673925,-5.1743962e-05,0.0010871628,-0.00043626965,0.0009189792,0.00022402244,0.0010687786,-0.0038554827,-0.003963609,8.3973246e-05,4.1179235e-05,0.0016709025,-0.0021132324,-3.0104853e-05,-6.999902e-05,-0.009751727,4.039215e-08
BV*CH,-0.45295249092405493,0.13617183,0.0008799758957507083,0.0004248042,-0.00076694525,0.00037110355,0.00039982976,-2.7178961e-05,1.09203065e-05,6.9185764e-05,-1.543716e-05,-0.0004286313,-0.0006631578,0.00029376463,0.0005303677,-0.00017500416,0.0008578977,0.0017130767,0.00036600005,-0.00015201232,6.0141192e-05,0.0003895377,0.018542768,-0.0013019817,0.0007599279,0.0003131164,0.0008397622,-2.1012596e-05,0.0007120064,-0.00084615976,-0.00042846287,2.7427679e-05,6.223217e-06,-0.00017646221,-0.00032263494,-0.00014526104,0.0017707591,-0.0004897917,-0.0015607772,-6.12475e-05,-6.067899e-06,-0.00010047078,-0.0011448248,-2.7896676e-06,-0.0020758386,0.00031605177,0.0034553786,-7.004575e-05,2.8874329e-05,0.0013837869,0.00014689055,5.192187e-05,-0.00027006632,0.00014568886,5.4859658e-05,5.5404613e-05,-5.6939578e-05,0.000224594,7.328291e-05,-5.3451768e-05,0.00070760906,-4.5352062e-05,-0.00054018805,1.7901762e-06,0.0001935926,-0.0010384747,-0.0033941637,3.7189136e-05,6.64567e-05,0.0004876298,-0.0008028587,3.7882215e-05,2.0275551e-05,0.0019626631,1.20409695e-05
BV*BU,-0.6625184073210851,0.12577437,1.3828266243003748e-07,0.00074300385,-0.0020421555,0.0003239585,-0.00023541626,0.0004691452,-1.0900753e-05,0.00026068173,-2.2375367e-05,-0.0007980875,0.00042133415,-0.0004224167,0.00020049165,0.0012106231,0.00090717425,0.0011274152,0.00059121946,0.00055317034,0.0021061378,-0.0011758718,-0.0013019817,0.01581919,-0.0011972846,-0.00044063228,-0.0068314476,-8.459648e-05,4.7687634e-05,-0.0008771063,-7.509052e-05,0.00021302907,4.5509478e-05,0.000108858876,0.006868572,0.0002027436,-0.0005103093,0.0005315391,0.0010623514,2.1373988e-05,-2.8267648e-05,0.0009493242,0.004244708,-0.00028361118,0.008056251,5.874688e-05,-0.0011630161,-0.000119231016,-6.296252e-05,0.004323047,0.00046859647,2.0025298e-05,-0.00013480643,-8.524052e-05,3.7956805e-05,0.000109259694,-3.189306e-05,0.0004682964,0.001089137,-5.804666e-05,0.0012665433,-0.00027466228,0.0016245244,-7.230033e-05,0.0011860875,-0.005377557,-0.015161807,0.0006433687,3.510494e-05,0.0029172008,-0.003815619,-0.0010429311,2.0259225e-05,-0.013509275,0.00024473848
BV*CS,-0.20663244893803234,0.16893907,0.22128505752181282,0.00022049839,3.737102e-05,0.00015767368,0.00029616768,4.7132427e-05,1.2230096e-05,3.464474e-05,-3.3615073e-05,-0.00026531058,-0.00087390566,0.00010603347,0.0003163003,0.00052179466,0.00050173653,0.0014732155,0.00041092577,-0.0005812901,-0.00083460053,0.00015881828,0.0007599279,-0.0011972846,0.028540408,0.0004276739,0.0017096036,-3.594517e-07,0.00018881781,-0.00036502298,-8.625428e-05,8.06391e-06,-4.3332595e-05,-4.1946056e-05,-0.00033095866,-5.9042926e-05,0.00025731887,-0.00033360615,-0.0013150686,-2.3092854e-05,2.7831684e-05,0.000292911,-0.00031361275,0.00022022346,-0.0016432061,-8.0420636e-05,0.0026157557,-0.00010522982,4.1418247e-05,0.001127381,8.414095e-05,-2.112404e-05,0.0022036037,-7.974421e-05,-3.2802203e-05,-3.9189632e-05,2.5367612e-05,-2.7132117e-05,-0.000978535,1.0291661e-05,0.00022727705,0.0001249202,-0.00094750605,-0.00010707665,-0.00035881912,0.00076363434,-0.002521841,-8.6140335e-06,0.000108133994,-0.00050823035,0.00020474943,8.4655505e-05,1.990504e-05,0.0062078126,-3.0118346e-05
BV*CA,-0.09056288434157737,0.083354846,0.27726927535105395,-1.5174029e-06,0.000116690506,2.0442833e-06,-1.7621463e-06,1.31357165e-05,-9.557252e-06,7.8044635e-05,2.147309e-06,-1.1759259e-05,-0.00012702656,6.805913e-05,5.7441393e-05,7.423997e-05,0.0001215641,0.00030347455,3.7760543e-05,-9.3099785e-05,-0.00037702164,-0.00014992834,0.0003131164,-0.00044063228,0.0004276739,0.00694803,0.00048141886,-4.259795e-06,-7.826484e-05,-1.0303396e-05,-7.398218e-06,1.590504e-05,1.1896076e-05,4.500704e-05,0.00076471426,-5.393192e-06,-9.316654e-06,-5.2654923e-05,-1.6340367e-05,-6.499665e-06,-6.5382227e-07,0.0011289126,0.00023757394,-1.5847074e-05,-0.0005012557,0.00014665295,0.00060624257,-2.271375e-05,2.6470377e-06,0.00058766216,5.4472835e-05,6.714648e-06,-6.215685e-05,4.2944837e-05,6.867425e-06,7.700906e-06,1.7783756e-05,9.573519e-05,0.00011510458,-0.00010911165,-0.00010892624,-5.6642002e-05,0.00037504738,0.00012488858,0.0008296165,-0.0031419147,-0.00095220446,3.1250143e-05,2.3223794e-05,5.5962744e-05,4.540589e-05,-1.2258213e-05,3.942329e-06,0.00039212825,-2.0450361e-05
BV*DP,0.2544725907050261,0.18591088,0.1710655390215644,-0.00042105632,0.0011781676,-0.00014092459,-0.000103575454,-0.00026455004,8.525577e-06,5.7832065e-05,-2.4330988e-05,0.00026420286,-0.0007896584,0.0006751537,0.00034986282,0.00034005285,0.00067785406,0.0023600582,0.00020374882,-0.00080217153,-0.0022489715,-0.0024579468,0.0008397622,-0.0068314476,0.0017096036,0.00048141886,0.034562856,-3.354591e-05,-0.0010559106,0.00019713843,0.00072357757,0.0002212641,0.00013886628,0.00033532237,0.008699528,-4.8167796e-05,6.4512074e-05,-2.9044142e-05,-9.512887e-05,-1.6212603e-05,1.3456826e-05,0.0024212473,0.0057279733,-0.00024545763,-0.0040669483,0.0019986425,0.0035660397,5.7560683e-05,3.217648e-05,0.007631195,0.00091845926,-6.73147e-06,-0.00027503824,-1.2711327e-05,4.9767787e-06,5.7800848e-05,-3.3987246e-05,-0.00014566671,-0.00036193087,0.00017989417,-0.00010431752,2.953785e-05,-0.00029798242,-0.0001353874,-0.0004702886,0.0014555035,-0.012476653,0.00029862177,-0.00066856015,-0.00062467105,-0.00071181485,-5.1533425e-07,2.5240279e-05,-0.00574337,-0.00017888457
CD*BT,-0.10390755682034333,0.022432342,3.620762289291931e-06,1.377591e-05,-1.21209405e-05,-0.00015119382,-0.000118630516,-9.4718854e-07,-2.736559e-06,1.6714721e-06,2.7916178e-06,8.462038e-06,-4.935606e-05,9.979728e-05,-3.2890886e-05,-7.416248e-05,4.934386e-06,0.00022074587,1.868672e-05,1.9304573e-05,1.6634083e-05,-0.00010227642,-2.1012596e-05,-8.459648e-05,-3.594517e-07,-4.259795e-06,-3.354591e-05,0.00050320994,8.403678e-06,0.00012476814,-0.00085085875,-0.00010831654,-0.00024351088,-0.00030147692,0.00038094615,0.0001861474,-4.0287036e-05,4.6382476e-05,0.0003171941,9.626993e-06,2.2161516e-05,0.00034829782,0.00011777447,-6.03738e-06,-4.932655e-05,3.288651e-05,9.0777685e-05,-2.3223236e-06,-1.0598662e-06,-2.8061622e-05,6.684276e-06,2.6389713e-05,1.2220368e-05,-4.392984e-05,1.3337605e-05,2.5780224e-05,-1.1677325e-05,7.5435506e-05,0.00019457923,1.6205226e-05,7.547026e-06,-2.866655e-05,7.8936995e-05,-6.6725206e-06,4.922856e-06,-4.3764278e-05,-0.00010114713,6.0203136e-05,-8.700816e-06,-0.00013376355,0.00011959309,-2.0597881e-05,5.40604e-07,-0.001041001,1.1724441e-05
CD*BV,0.4394040028312992,0.15232122,0.003917624591225924,0.00082514726,-0.00028317873,0.0001994255,0.0027509006,-0.000105714586,8.365068e-05,-2.5788336e-06,-1.0242671e-06,-0.00067721546,0.00016251623,-0.00033713,-0.00019528944,-0.00032315662,0.00076087634,-0.0006838238,6.06108e-05,0.00035287454,0.00031713754,0.005029967,0.0007120064,4.7687634e-05,0.00018881781,-7.826484e-05,-0.0010559106,8.403678e-06,0.023201752,-0.003397911,-0.0068808147,0.00021471299,0.0014373072,-0.0020705522,-0.016502675,-0.0008892348,0.0042262394,-0.0025424853,-0.013368584,-0.00010757194,4.318658e-05,0.0016203949,-0.004577978,8.112077e-05,-1.23702175e-05,0.00032670674,-0.0025581648,8.939877e-05,-1.9655508e-05,0.0013032233,0.0001619617,0.00012685107,4.885289e-05,-0.0006679754,9.1298294e-05,0.00010153485,-0.0002688704,0.0004430855,-0.0005943629,0.00016261723,0.0002304924,-9.3649556e-05,-0.0006874093,9.180518e-05,0.0002998925,-0.0008225212,-0.0017464068,2.9632094e-05,3.987635e-05,0.0013513814,-0.004375688,-5.500447e-05,-3.847474e-05,-0.0032377618,1.3998316e-05
CD*CD,-1.2272998893332059,0.1110425,2.1313685164813777e-28,-0.00037139593,-9.487653e-05,-0.0048331087,-0.0027040453,9.967135e-05,-0.00013676907,5.9662532e-05,-3.680118e-05,0.0002563546,-0.00070451596,0.0003183544,2.958306e-05,-0.00015323763,3.3453936e-05,0.0013215987,7.612641e-06,-0.0003451248,0.00015804681,-0.0002516257,-0.00084615976,-0.0008771063,-0.00036502298,-1.0303396e-05,0.00019713843,0.00012476814,-0.003397911,0.012330436,0.01640422,0.00038851885,-0.00048705304,-0.0009372684,-0.001036624,0.0006538574,-0.00238615,0.0024681299,0.01191066,3.235213e-05,-2.4509438e-05,0.0036555415,0.0063122855,-0.00032056015,-0.000520013,0.0004794966,0.0030656243,-0.00012062991,-1.2598928e-06,-0.0009733496,-4.238594e-05,-1.4676522e-05,2.3512923e-05,2.4000354e-05,-4.1305673e-05,-8.569329e-05,0.00034447463,-0.00030053832,-0.00034004435,-2.2578359e-05,-8.661791e-05,-0.00020173438,0.0003393328,-0.00012161268,-8.92882e-05,-0.000107604756,0.00029283875,-0.00024587638,-9.593966e-06,-0.0028371224,0.0036582483,-9.346647e-05,-2.3763794e-05,0.007290747,0.000112621216
CD*CH,-1.5521210258554001,0.32649782,1.9958109996845146e-06,0.00074986735,-0.00018683038,-0.00875834,0.0007420838,-0.000117735464,-0.00010744194,5.15472e-05,-7.832933e-05,-0.00069066155,-0.0014126955,-0.0010189806,0.00061777537,-0.00019050203,0.001530949,0.0016723652,-0.00072281586,-0.00028023208,0.00020171853,-0.0020536862,-0.00042846287,-7.509052e-05,-8.625428e-05,-7.398218e-06,0.00072357757,-0.00085085875,-0.0068808147,0.01640422,0.10660083,-0.0018017241,-0.0031795946,-0.0080262795,-0.011480216,-0.0002607335,-0.004381717,0.014645861,0.0062816506,-0.0006283743,-0.0007327128,-0.015310254,-0.014354207,0.00019998393,3.176224e-05,-0.0017765407,-0.0032494233,5.498536e-05,-1.0622824e-05,-0.0006583178,-1.8329926e-06,0.0004706422,0.00013861433,-0.0011828843,0.0005118636,0.0006262197,-7.431215e-05,0.001536244,-5.6837027e-05,0.00030388642,-0.0002998315,-0.00070461637,-0.0029968289,-0.00035342624,-0.0006411843,0.0012964882,-0.00022937817,0.00089850824,-7.591322e-05,-0.0067014014,-0.0040439116,-0.00015034716,-3.9998784e-05,0.015544931,0.00042348032
CD*BU,-0.027198949071735378,0.07107714,0.7019659152440096,0.00019444617,-1.6421858e-05,-0.00059112743,0.00025787356,2.541869e-05,-5.7047437e-06,-2.0627593e-05,-3.767606e-06,-0.00015451947,-7.4641184e-06,-1.0079999e-06,2.0895724e-05,-0.00029159998,0.00011946014,-1.2509103e-06,0.00011736949,-1.9997104e-05,1.4442966e-06,-9.4546056e-05,2.7427679e-05,0.00021302907,8.06391e-06,1.590504e-05,0.0002212641,-0.00010831654,0.00021471299,0.00038851885,-0.0018017241,0.00505196,-0.0006273137,-0.0015519115,-0.01026044,9.21778e-05,0.00020197257,-0.00039130414,-0.0015403605,0.00015684804,0.00010106076,0.0018390043,-0.00048678226,-9.7401506e-05,1.3788548e-05,0.0005579751,-0.00058126287,2.1196833e-05,-1.1788332e-05,-0.0005548059,-6.752271e-05,6.38693e-05,1.530526e-05,-0.0002914275,5.6982066e-05,0.00022001466,-7.667651e-05,0.00037256817,0.00031638192,1.3496994e-05,4.0623607e-05,-1.2544829e-05,-0.0001708294,7.9245016e-05,4.2541174e-05,-3.0936608e-05,5.1629904e-05,0.00013583929,-9.239127e-06,-0.00024286035,-0.00026840222,-1.9814113e-05,1.07265005e-05,-0.0004969273,1.9404379e-05
CD*CS,-0.13588103508407434,0.17332803,0.4330676612185985,4.298926e-05,-3.561599e-07,-0.00036126564,-6.354308e-05,-1.4224829e-06,-2.4497936e-05,-2.5653804e-05,1.0262841e-05,-1.94724e-05,0.0002090593,-0.00024272659,0.00010260587,2.8700824e-05,-0.00038157805,0.00086423475,0.00028291432,8.186799e-05,-1.136541e-05,2.397801e-05,6.223217e-06,4.5509478e-05,-4.3332595e-05,1.1896076e-05,0.00013886628,-0.00024351088,0.0014373072,-0.00048705304,-0.0031795946,-0.0006273137,0.030042604,-0.002921277,0.0017819058,0.00045368605,1.2662827e-05,0.000121638644,-0.0004633872,0.000104394756,0.00030260734,0.004880388,-0.0017774891,3.8663e-05,9.610619e-06,-0.00018223166,0.00025406253,-1.0937184e-05,2.2258204e-05,1.2879072e-05,-1.8443301e-05,-0.0001100778,-4.8733997e-05,0.0032558155,-7.576999e-05,-0.000114072216,0.00014193826,-0.00023855532,-0.00013875912,1.09375005e-05,7.3357056e-05,-7.137032e-05,-4.264693e-05,6.840208e-05,7.538917e-05,-0.00017443612,0.00020389173,-4.635879e-05,-2.155406e-05,0.0014188711,0.0004093374,-1.5890706e-05,-1.2007242e-05,-0.0050692093,1.8054987e-05
CD*CA,-0.12788427426761959,0.39483094,0.7460165587593375,-0.00045086996,-7.4403375e-05,0.0003776512,-0.0010527653,0.0001298863,-1.0518023e-05,2.6059957e-05,-1.7199845e-05,0.0003703848,0.00014483173,6.684512e-05,0.00011911437,0.0003806092,-0.00017517914,-0.0023296936,0.0010504137,-5.280393e-05,7.066256e-05,-0.00049778743,-0.00017646221,0.000108858876,-4.1946056e-05,4.500704e-05,0.00033532237,-0.00030147692,-0.0020705522,-0.0009372684,-0.0080262795,-0.0015519115,-0.002921277,0.15589148,-0.028069833,0.0005188521,0.0001508126,0.0017168547,0.002357218,0.00015356424,0.00036312238,0.02643452,0.0025807598,-0.0001139653,-0.0001725425,-0.0005372681,0.0005767983,-9.3294766e-05,-5.4339234e-06,0.00022407032,-0.0001259587,0.00020964126,7.979588e-05,0.0005321074,0.00019646002,0.0003929005,-0.00017408644,0.0013195504,-0.0018716443,3.8341514e-05,0.00016956589,0.000296764,-0.0011119603,9.0875175e-05,0.00017027526,-0.000997531,0.001564249,-0.00039220112,2.1333875e-05,-0.00050626457,0.0024280907,3.720678e-05,-7.872282e-05,0.009094893,-4.551418e-05
CD*DP,-0.8470688744279393,0.4554729,0.06291991812091019,-0.0007766475,-0.00050288957,0.0009678459,-0.004271627,0.0003564191,-0.00012823737,0.0005404032,-0.00031298248,0.0004726045,-0.0005602273,-0.0009775539,-1.6612517e-05,0.0026389398,0.00019515806,0.00933462,0.0013594261,-0.000652794,3.316199e-05,0.00045295776,-0.00032263494,0.006868572,-0.00033095866,0.00076471426,0.008699528,0.00038094615,-0.016502675,-0.001036624,-0.011480216,-0.01026044,0.0017819058,-0.028069833,0.20745556,-0.00091342576,-0.00016517697,0.00789455,0.013317957,0.00069415005,-6.028693e-05,0.023431396,0.06974592,0.0010136414,0.0026295723,-0.0053359424,0.003854274,-0.00022466171,9.202725e-06,-0.010947661,-0.00093763164,-0.00016605284,-0.0002471159,-0.00031741447,-0.00021534371,-0.00024346683,0.00035275164,-0.0007338316,0.004632419,-0.00043388185,-0.00035332708,0.0006532245,-0.0032940255,-0.00092616474,-0.0011796161,0.00033976434,0.01344876,-0.004038187,2.574145e-05,0.016955357,-0.003168877,0.0004543291,0.000510114,0.16715781,0.00032264905
CH*BT,-0.17847873914065232,0.04603254,0.00010565254603359476,-0.00024258424,-9.068853e-05,-0.0002893547,-0.0010590579,0.00014665653,-1.9018895e-05,1.3689446e-05,1.6161372e-05,0.00023621134,4.796971e-05,0.00023266925,0.00038984828,0.00010698741,0.00013487035,0.0012125645,0.00047283617,4.5666613e-05,0.000103623315,-0.00024907946,-0.00014526104,0.0002027436,-5.9042926e-05,-5.393192e-06,-4.8167796e-05,0.0001861474,-0.0008892348,0.0006538574,-0.0002607335,9.21778e-05,0.00045368605,0.0005188521,-0.00091342576,0.002118995,-0.00021902945,-0.0023542289,0.0033727582,-3.5793448e-05,-0.00013829296,-0.0030294834,0.0015971648,-0.0003316273,-3.281785e-05,0.00018756036,0.0013451593,-0.000103333965,-1.8693709e-05,-0.00022841674,-6.0147344e-05,4.738315e-06,1.3321647e-05,-3.8999027e-05,-1.2395665e-05,2.5606441e-05,2.4890149e-05,4.0557195e-05,0.001249316,-0.00016430531,8.3033236e-05,-6.5240776e-05,0.0013276144,2.5076026e-05,9.179636e-05,-0.00042391973,0.00025213917,-0.0003811629,7.444137e-06,0.0009790997,0.002474261,-6.7845045e-05,3.9854593e-05,0.00057132664,-4.5917597e-05
CH*BV,0.35431813266181156,0.12357224,0.004139961422846246,0.0006684726,0.0001089128,0.00090592063,0.00086439017,-0.00010169081,3.6195368e-05,-1.2271386e-05,5.5412784e-05,-0.0005061234,0.0010915454,-0.00042994026,-2.1834069e-06,-0.0010106124,-8.755835e-05,0.0009500476,3.37582e-05,0.00027754248,-0.00014170658,0.0008636771,0.0017707591,-0.0005103093,0.00025731887,-9.316654e-06,6.4512074e-05,-4.0287036e-05,0.0042262394,-0.00238615,-0.004381717,0.00020197257,1.2662827e-05,0.0001508126,-0.00016517697,-0.00021902945,0.015270097,-0.0016684647,-0.012249998,5.4450535e-05,0.0005633418,0.0024716312,-0.005621253,7.425325e-05,-0.0005040673,7.784755e-05,-0.0022606065,0.00020913313,-1.0019162e-05,-0.00035243022,2.0307361e-05,4.703491e-06,5.5033554e-05,-0.00026724976,-3.847159e-05,-1.6769069e-05,-0.00010740207,0.00018420465,0.0011902185,-0.00017180076,-0.00012722219,-0.0002146358,0.0006964263,-9.18219e-05,-0.00024817165,0.00079854135,-0.00067645503,-0.0001145158,-0.00016663427,0.0007842607,-0.0011316771,-0.00031914088,-3.5253564e-05,-0.01268103,0.00017729307
CH*CD,-0.31853553304590443,0.17243664,0.06470927730742422,-0.00064904435,-0.00024196427,-0.0009814628,-0.0026339628,0.00030250126,-4.7250047e-05,6.8535446e-05,-4.3365133e-05,0.00034307528,-0.0005465128,0.0015561697,0.00028774916,0.0015704028,0.000292407,-0.0010411267,-0.0015986921,-0.0003447193,0.00026467806,-0.00014087032,-0.0004897917,0.0005315391,-0.00033360615,-5.2654923e-05,-2.9044142e-05,4.6382476e-05,-0.0025424853,0.0024681299,0.014645861,-0.00039130414,0.000121638644,0.0017168547,0.00789455,-0.0023542289,-0.0016684647,0.029734394,0.0076060765,-0.00037372782,-0.0001145124,-0.01790183,-0.004738437,0.00014907874,-9.005246e-05,-0.0022390587,0.0015087139,-0.00015945568,-2.0895552e-05,-0.00045317115,-0.00012290734,-3.4551398e-05,-4.484041e-05,0.00055091636,-2.5057556e-05,-1.0781899e-05,0.00010959667,-0.00011343447,-0.0023594934,-0.00043446952,-0.00016402779,-0.00017625383,0.0027433075,-0.00027006646,-0.00042314306,0.00072430103,0.0041357945,0.0002786729,7.1219496e-05,-0.0040763994,0.008079351,-5.825986e-05,-4.6787107e-05,0.023320084,-2.2763702e-06
CH*CH,-2.2980625012610405,0.2955202,7.465877717178697e-15,-0.003907248,-0.0011489902,-0.0049863737,-0.01608273,0.0010753821,-0.00024910018,6.866544e-07,-2.1070884e-05,0.0029972913,-0.0009370722,0.001922416,0.0006951714,0.0031170908,-0.0011122156,0.00059661316,0.00081815093,-0.00065304694,0.0013420568,-0.002450137,-0.0015607772,0.0010623514,-0.0013150686,-1.6340367e-05,-9.512887e-05,0.0003171941,-0.013368584,0.01191066,0.0062816506,-0.0015403605,-0.0004633872,0.002357218,0.013317957,0.0033727582,-0.012249998,0.0076060765,0.08733218,0.00050537306,-0.001026164,-0.0015224777,0.033452608,-0.0009566796,-0.0001777411,-0.0005509551,0.017805422,-0.0012352148,5.186943e-05,-0.0020294865,-0.0005689509,-0.000112305155,-5.9245385e-06,-0.00026879887,-1.19648785e-05,-0.00014547851,0.0006496381,-0.0004936455,-0.0011842903,-0.0004892847,0.0013685231,0.00046343287,0.0085916445,0.0006677642,0.001857036,-0.006262415,0.0072946767,-0.0013484239,0.00039840883,0.00025756937,0.03011968,0.000892624,0.00012649412,0.015057217,-0.0009126351
CH*BU,-0.0945858355975536,0.039092083,0.015539082281644844,-8.738313e-05,-3.5257424e-05,-2.2221902e-05,-0.0002965535,3.412648e-05,-4.1173735e-06,7.4088903e-06,6.2638596e-06,6.0059156e-05,-3.8116625e-05,3.3586213e-05,-7.489788e-05,0.00020127869,2.608602e-05,-5.7573885e-05,-2.4605082e-05,-4.3995237e-06,4.075251e-05,-1.4253053e-05,-6.12475e-05,2.1373988e-05,-2.3092854e-05,-6.499665e-06,-1.6212603e-05,9.626993e-06,-0.00010757194,3.235213e-05,-0.0006283743,0.00015684804,0.000104394756,0.00015356424,0.00069415005,-3.5793448e-05,5.4450535e-05,-0.00037372782,0.00050537306,0.0015281909,1.7802437e-05,-0.0004359577,-0.0005466341,4.4308512e-05,-9.016089e-06,6.4453765e-05,-0.0011550243,-5.0811672e-05,3.2034056e-06,6.645739e-05,5.888047e-06,-5.178912e-07,1.5802326e-06,-7.570344e-06,-7.132557e-06,-8.453909e-06,8.324639e-06,-2.775355e-06,0.0003131023,-2.5994175e-05,-4.464062e-06,-1.8611903e-05,0.00030706462,-3.6766534e-05,-2.5553622e-05,1.5272197e-05,0.0001978673,-7.4881435e-05,-4.781132e-06,-3.3860226e-05,0.0008424272,-2.2692078e-05,4.3922896e-06,1.0674106e-05,2.8933346e-06
