Param name,Param value,Param stdv,Param p-value,BT,BV,CD,CH,BU,CS,CA,DP,BT*BT,BT*BV,BT*CD,BT*CH,BT*BU,BT*CS,BT*CA,BT*DP,BV*BT,BV*BV,BV*CD,BV*CH,BV*BU,BV*CS,BV*CA,BV*DP,CD*BT,CD*BV,CD*CD,CD*CH,CD*BU,CD*CS,CD*CA,CD*DP,CH*BT,CH*BV,CH*CD,CH*CH,CH*BU,CH*CS,CH*CA,CH*DP,BU*BT,BU*BV,BU*CD,BU*CH,BU*BU,BU*CS,BU*CA,BU*DP,CS*BT,CS*BV,CS*CD,CS*CH,CS*BU,CS*CS,CS*CA,CS*DP,CA*BT,CA*BV,CA*CD,CA*CH,CA*BU,CA*CS,CA*CA,CA*DP,DP*BT,DP*BV,DP*CD,DP*CH,DP*BU,DP*CS,DP*CA,DP*DP
BT,0.798778188764397,0.054118596,2.661754394408443e-49,0.0029288225,1.2517423e-05,0.000102829355,0.00071366417,0.00059732306,-9.8076935e-06,-5.535974e-06,7.3249143e-06,-0.0021137113,-0.0015484922,-0.0018162843,-0.0007211558,-0.0031849085,0.00095982564,0.0034377396,0.0023052697,0.00019555436,-2.782189e-05,0.0013121389,0.00033458887,0.0008475071,0.00013588973,9.877654e-06,3.0419492e-06,-1.6674327e-05,0.0012764541,-0.00014128193,-0.0003789211,-9.25528e-05,1.4984688e-06,-0.0004814797,-0.0002000393,-0.00017682777,0.000887434,-0.0007180413,-0.0033589513,-5.2746866e-05,8.011021e-06,-0.00018512011,-0.0033162641,-0.00044891282,0.00051727373,-0.00045874197,0.00052848575,-0.0005125213,-6.956417e-05,-0.0012400137,-2.1610176e-05,0.00010530512,5.9881604e-06,0.00011700204,2.2220058e-05,-5.369588e-05,3.070159e-07,0.00012136722,0.0009894053,1.6792565e-05,1.4429668e-05,0.00012476226,6.0395225e-05,-6.466508e-05,-2.7069867e-05,4.6218658e-05,0.0016524474,0.0007875872,2.7080676e-05,0.0006682731,-0.0016496833,-0.0005254769,3.2827476e-05,-0.0027167718,2.7152413e-05
BV,0.951483880761262,0.04960728,5.40391042035668e-82,1.2517423e-05,0.0024608823,-1.46765715e-05,-6.100131e-05,0.0001023228,4.4979064e-05,-0.000121890494,-3.7304596e-06,-1.2285143e-05,-4.6108533e-05,1.2428211e-05,1.8731977e-05,7.72819e-05,4.899304e-05,8.8935216e-05,3.4721532e-05,-0.0012999778,-0.0024164736,-0.0028186915,-0.00086813234,-0.0009975919,8.508171e-05,0.00012334531,0.00066510634,-4.9669554e-05,-0.00116571,8.079253e-05,-0.00037454028,-6.994947e-05,-2.8063128e-05,7.560688e-05,0.00010261148,-1.5403974e-05,-0.0003003525,-4.153588e-05,0.00035057278,-2.537712e-05,-9.047037e-06,-0.00019980936,-5.177645e-05,-3.9639663e-06,0.00029873694,2.4290905e-05,0.0004632712,-0.000115503324,-4.965877e-06,-0.00017960717,1.3131561e-05,1.809405e-05,0.00013901677,7.791637e-05,5.5680186e-05,4.2821757e-05,-0.00013699984,0.00014907913,-9.225577e-05,4.9958007e-06,-0.0011359724,0.00017311041,-0.001161474,-0.00019506385,-0.0010509755,0.0042625507,0.0013227552,-0.000119861936,-3.3810516e-05,0.00015301089,0.00036907342,-8.935366e-05,1.9952267e-06,-0.0007202091,2.7750686e-05
CD,0.5971779265055157,0.03558892,3.4250850563464576e-63,0.000102829355,-1.46765715e-05,0.0012665713,0.00029416953,-3.7105638e-05,4.363375e-05,1.6041904e-05,4.614759e-06,-6.842008e-05,5.4462933e-05,0.00015385865,-1.2335703e-06,-4.8887672e-05,2.4284383e-05,-0.00039417268,7.017943e-05,6.153157e-05,5.515877e-06,0.00055753323,9.820375e-05,9.103181e-05,2.7969494e-05,8.462559e-06,-4.506338e-06,-0.00022175872,-0.0013225426,-0.0014477476,-0.0035393913,-0.00031695262,-0.0009707095,0.00088833395,-0.0008681885,-8.999992e-05,0.00018039519,-0.00024889546,-0.0011767453,-4.4097105e-05,-2.0959324e-05,-0.0003743676,-0.0007600138,4.3586373e-05,4.014669e-05,0.00016574566,-0.00017838771,3.726643e-05,1.09615585e-05,-7.3900774e-05,-3.878568e-06,-3.1825646e-05,-5.1139883e-05,0.00029265723,-0.00010870905,-8.0515354e-05,-3.7181995e-05,-0.00018798112,-0.00019276468,-5.8193773e-06,2.1172948e-05,0.00011530506,-6.6986235e-05,-1.5132572e-05,3.4789246e-05,-0.00015030037,-0.0005464825,5.9890994e-05,2.4529795e-06,0.0008393606,-0.0014037427,2.9232424e-05,-2.9100122e-06,-0.001372904,-8.560657e-06
CH,0.5180266019189402,0.050492365,1.0725662107421106e-24,0.00071366417,-6.100131e-05,0.00029416953,0.0025494788,-6.330062e-05,-9.62357e-07,-3.0052948e-05,-2.4327016e-07,-0.0005436046,7.961441e-05,-0.0005643266,-6.80615e-05,-0.0004678838,0.00017182203,-0.00013014114,-0.00049467303,0.0002038787,4.6540565e-05,0.0014065413,0.00035466475,9.110031e-06,9.23007e-05,-1.3290198e-05,-5.7770135e-06,-7.610544e-05,0.0023413454,-0.00050970784,0.00063193304,-6.773572e-05,-2.009507e-05,-0.0011078899,0.00040717304,-0.00096005877,0.00064581464,-0.0026578915,-0.010502033,-0.0002637264,-0.00013040775,0.00060616474,-0.005847404,0.000100861806,-0.00028104187,-1.7229144e-05,-0.0019386029,0.00010195451,-2.2182064e-06,0.0003253395,-1.0195774e-05,-1.6088772e-05,-4.0490527e-06,0.00015995438,-9.264961e-05,-2.5297788e-05,2.1119626e-05,-5.889662e-05,-0.00041529236,3.7091604e-06,-4.431387e-05,0.00012325695,-0.00078730704,-3.12954e-05,-0.0001273383,0.00055073656,-0.0011272763,0.00056602724,-2.6722468e-05,0.0012159038,-0.012982242,-1.9942785e-05,-2.6962965e-05,0.0007189586,4.795737e-05
BU,0.7980537173605622,0.04379517,3.4269356228350548e-74,0.00059732306,0.0001023228,-3.7105638e-05,-6.330062e-05,0.0019180168,-2.3456792e-05,7.744692e-06,-5.1648552e-05,-0.00043915832,-2.4925166e-06,-0.0006469573,-0.00013452618,0.0001505941,-2.536733e-06,-0.00077089306,-0.00047463985,5.8387417e-05,-0.00010826639,0.000249584,8.190488e-05,0.00014834625,5.005204e-05,2.00838e-05,3.7824923e-06,4.64112e-06,-9.4551964e-05,9.277489e-05,-0.000106839616,-0.00019513576,-2.0748164e-05,0.00022260392,-0.00087884243,0.00010407716,3.152916e-05,0.00010586884,0.00023357116,3.030306e-05,1.6235e-05,5.61925e-05,0.0005279822,-0.0009634054,-0.0016883005,-0.0014337207,-0.0014549756,-0.0015141846,-0.0002604953,-0.00042513394,0.00014783816,1.1213597e-05,1.0135258e-05,6.016496e-05,-3.716547e-06,-0.00029728722,6.1696664e-05,-6.833418e-05,-0.00021769194,-2.0157042e-07,5.6669753e-05,-1.0517079e-05,0.0001984843,-8.801174e-05,9.893533e-05,-0.000380157,-0.0015457484,0.00031202845,-3.245416e-05,0.00066382135,2.2569555e-05,-0.0020441865,1.1039499e-05,0.0033680983,0.0003264905
CS,0.4754988630498098,0.023148471,9.213346004638366e-94,-9.8076935e-06,4.4979064e-05,4.363375e-05,-9.62357e-07,-2.3456792e-05,0.0005358517,-2.4664503e-05,9.3790095e-06,1.0651717e-05,-1.467166e-05,8.178452e-06,-1.0121035e-05,-3.2549593e-05,-0.00011873104,6.404792e-05,7.477173e-05,-1.5947304e-05,-4.334171e-05,-5.7627267e-06,-2.7453552e-06,5.241218e-06,-2.6889515e-05,-8.208303e-06,9.706328e-06,-1.2983759e-05,-1.3128237e-05,-5.248702e-05,-0.00015772939,-1.791714e-05,4.522674e-05,-5.022321e-05,5.954598e-05,-9.6481845e-06,3.3734902e-06,1.4604747e-05,-2.217479e-06,-2.850891e-06,7.4496223e-09,-6.5121945e-05,-0.00010026228,2.7621102e-06,4.304272e-05,2.7958176e-05,3.0786196e-05,1.7511553e-05,4.701915e-05,-2.064114e-05,7.2529315e-06,-0.00019631443,-0.00039653972,-0.0008400444,-0.00023114489,-3.9931492e-05,-0.0011461086,0.0009877089,-0.0025615173,2.9137561e-06,-3.0380395e-05,2.8986761e-07,5.832456e-06,5.1759503e-06,-6.194038e-05,0.000293342,-0.000591102,2.4288947e-05,-7.2970306e-07,1.8871793e-05,2.6062993e-05,2.7903876e-05,-3.8206505e-05,-0.00097198796,-3.233294e-05
CA,0.13715959649219545,0.022050222,4.961194091127813e-10,-5.535974e-06,-0.000121890494,1.6041904e-05,-3.0052948e-05,7.744692e-06,-2.4664503e-05,0.0004862123,1.1122439e-05,6.255314e-06,3.19772e-06,1.2262637e-05,1.2071084e-06,-1.8306966e-05,7.7157765e-06,2.9446635e-06,5.8830985e-05,6.313317e-05,0.00011850576,0.00019453806,3.83592e-05,6.900033e-05,-2.9012338e-06,8.936336e-05,-2.1568687e-05,1.2169123e-06,9.1877766e-05,-7.63971e-06,-9.524429e-05,-2.9691335e-05,-1.8331613e-05,2.7534963e-05,0.00014485921,7.1502413e-06,-2.4881373e-07,6.333656e-05,0.00010595798,6.794247e-06,1.3559663e-06,6.684072e-05,-3.201452e-05,-9.840838e-06,5.7201723e-06,-1.9311249e-06,1.56705e-05,-9.039338e-06,-1.5053206e-06,-6.879869e-05,2.6281807e-06,7.166146e-06,8.938255e-06,2.1081805e-05,4.3584046e-06,-9.836955e-06,5.681964e-05,-3.3023254e-05,0.00011713011,-0.00012782321,-0.00034441683,-0.00029312354,-0.0015951837,-0.00048186758,-0.00036257718,-0.0013770721,0.0003877084,-2.6266327e-05,-3.86769e-06,-0.00029466357,0.00013892546,-2.010951e-05,-1.5461303e-05,0.0012263787,-6.7975575e-06
DP,0.24273600396647918,0.014142499,4.974501896122793e-66,7.3249143e-06,-3.7304596e-06,4.614759e-06,-2.4327016e-07,-5.1648552e-05,9.3790095e-06,1.1122439e-05,0.00020001028,-4.1484277e-06,-4.929163e-06,1.7195765e-05,-1.1729646e-05,-4.904263e-05,-2.1274152e-05,6.376735e-06,-1.9141666e-05,9.832088e-06,2.4465862e-06,9.051439e-07,9.659953e-06,8.451144e-06,2.7254102e-06,3.4864731e-06,2.0800433e-05,-6.3503177e-07,1.0685456e-05,-2.879267e-06,-4.710312e-05,-1.5254125e-05,2.3546277e-06,2.2212917e-05,-6.107282e-05,1.470409e-05,2.3701854e-05,-4.9623072e-06,-9.28654e-06,6.5764343e-06,5.1989928e-06,4.5685665e-05,-0.00012248308,2.120712e-05,5.4131917e-05,4.3270364e-05,8.753151e-05,3.129352e-05,1.1592537e-05,1.7374236e-05,0.00018264637,-1.9726333e-05,-1.7527787e-05,1.5436242e-05,-3.2880613e-05,-1.6238999e-05,7.854533e-07,-7.837653e-05,0.001498314,-4.183936e-06,-9.999582e-06,1.0494861e-05,-5.5354012e-05,-9.8295195e-06,-6.855074e-06,-1.8868479e-05,0.00065351435,0.00030242337,-0.00012518378,0.00044437373,-0.0015936035,-0.00015502734,-0.0001870156,-0.0050972146,-0.00033192683
BT*BT,-0.559018967950915,0.04673148,5.5946169559850954e-33,-0.0021137113,-1.2285143e-05,-6.842008e-05,-0.0005436046,-0.00043915832,1.0651717e-05,6.255314e-06,-4.1484277e-06,0.002183831,0.0008878685,0.0009976304,0.00012688266,0.0018115871,-0.0026749114,-0.003352523,-0.0019129831,0.00024726102,4.387762e-05,-0.0010882814,-0.00036435341,-0.0008108898,-0.0002453228,-3.168205e-05,-0.00013430143,4.2931093e-05,-0.0010054769,9.990247e-05,0.00017831038,2.4866498e-05,-3.074311e-05,0.00035317126,0.00015738372,0.00019391376,-0.0006959877,0.0004709886,0.0025974726,3.661005e-05,-1.51647455e-05,0.000112576075,0.0025964016,0.0005907406,-0.0004949122,8.545125e-05,-0.0007049953,0.00040406626,3.681164e-05,0.00081740174,1.4062693e-05,-4.0662515e-05,-5.267109e-06,-0.00012693371,-1.2190689e-05,3.8280778e-05,-1.0002232e-05,-7.285056e-05,-0.00060071965,-1.1709341e-05,-1.8082745e-05,-9.990387e-05,-5.489939e-05,3.8581224e-05,1.8157236e-05,-4.4059627e-05,-0.0012735149,-0.000514229,-2.3310824e-05,-0.00039417742,0.0011476082,0.0003605709,-1.9401557e-05,0.0018156553,-1.7611732e-05
BT*BV,0.042336538340727675,0.091261335,0.6427162118965782,-0.0015484922,-4.6108533e-05,5.4462933e-05,7.961441e-05,-2.4925166e-06,-1.467166e-05,3.19772e-06,-4.929163e-06,0.0008878685,0.008328631,0.0007870161,-0.0008102597,0.00057512964,-0.00024565036,-0.0012269034,-0.001721545,0.0012939272,0.00010520287,0.00020582801,-0.00017992819,0.00013780847,-0.0003699261,-7.1727365e-05,-0.00040658785,-4.3512522e-05,0.00065401616,-0.00011685239,-0.00054936256,-5.785254e-05,3.769588e-05,-1.7661712e-05,3.0367976e-06,-2.7919541e-05,0.00034279577,-0.00018447082,-0.0005700661,-5.695336e-06,3.013193e-05,0.00042443446,0.00035476475,-1.853214e-05,0.0006779376,-0.0002869571,0.0015565443,-0.00012339829,4.6912504e-05,0.0007631301,0.0001031013,-4.694082e-05,1.5972939e-05,6.900121e-05,2.6729533e-05,1.527272e-05,2.5107487e-05,1.602568e-05,9.020239e-05,-1.3800843e-05,-1.6062802e-05,2.3989523e-05,-6.9234948e-06,9.618867e-07,-1.3003902e-05,-5.3297194e-06,-0.0036248178,0.0006181831,5.148364e-06,-0.00027028768,-0.0004429706,6.476696e-05,1.352279e-05,0.0008103385,-1.3598927e-05
BT*CD,-0.5013982354469335,0.094697915,1.1920379290651569e-07,-0.0018162843,1.2428211e-05,0.00015385865,-0.0005643266,-0.0006469573,8.178452e-06,1.2262637e-05,1.7195765e-05,0.0009976304,0.0007870161,0.008967695,-0.00089851953,-0.0037713223,-0.00091456785,-0.011402043,0.0038521239,-0.0006769275,4.5424396e-05,0.0005363327,-0.00047228395,-0.0012364042,-0.0004611103,-6.9073125e-05,-0.0004279174,0.00024380947,-0.0005473336,7.373054e-05,-0.00044731185,0.00022524534,-0.00019311797,0.000778828,9.713702e-05,0.00020918381,-0.0007771399,0.0014543341,0.0026291464,1.9374568e-07,-4.2430853e-05,-0.0005191669,0.0012622912,-0.0005555256,-0.0006086651,0.0037311881,-0.0005157025,0.0003607485,0.00010582198,0.00087877497,1.3137094e-06,-4.9082708e-05,6.642922e-06,0.00018978829,5.547824e-05,0.00013503329,-4.304813e-05,0.00016001296,0.0003595094,-5.556093e-06,-3.540626e-05,0.000278494,0.00010839241,1.8889818e-05,-3.090547e-05,-1.2113093e-05,-0.0019050973,-0.0019571271,-3.0502319e-05,-0.00044487306,0.0016406963,0.00070147216,-6.752383e-06,-0.003028425,-3.970891e-05
BT*CH,0.06271217184630055,0.18926255,0.7403800297706249,-0.0007211558,1.8731977e-05,-1.2335703e-06,-6.80615e-05,-0.00013452618,-1.0121035e-05,1.2071084e-06,-1.1729646e-05,0.00012688266,-0.0008102597,-0.00089851953,0.035820313,-0.0028655864,-0.0013709913,-0.005385898,-0.004018941,-0.00028295306,-8.9208006e-05,2.7980353e-05,0.00041009032,0.00060888135,0.00049667194,8.554728e-05,0.00049071753,-4.0072875e-05,0.0001513567,-6.230692e-05,0.0012299598,-7.945623e-05,0.00015451777,0.00013812838,-0.0002911649,0.00044211937,-3.3491837e-05,8.247207e-05,0.00032382575,-9.511295e-05,-1.9430463e-05,-0.00029271314,-3.8836515e-05,-0.00057249644,0.0006609885,3.3237124e-05,0.004364194,-6.665232e-05,0.000115055744,0.0012147329,0.00010000995,-0.00011440451,-4.690373e-06,0.00019647427,-4.9208247e-05,1.18242106e-07,4.91428e-05,-0.00013397473,-0.0011476992,-3.617937e-06,8.364096e-06,1.8244522e-05,6.322504e-05,-1.5232851e-05,-2.0105936e-05,7.349961e-05,-0.0017185925,0.00067339186,8.439579e-06,-0.0004319385,0.00052317156,0.00024597847,-3.6415335e-05,0.0027212258,-2.0455467e-05
BT*BU,-0.33725278902334216,0.1497083,0.02427600603125489,-0.0031849085,7.72819e-05,-4.8887672e-05,-0.0004678838,0.0001505941,-3.2549593e-05,-1.8306966e-05,-4.904263e-05,0.0018115871,0.00057512964,-0.0037713223,-0.0028655864,0.022412574,-0.0050739683,-0.011784171,-0.008676206,5.0139315e-05,-0.00027428506,-0.0014852056,0.0007383535,0.0009787106,0.0013242504,0.00025916233,0.0014742569,-0.00018492395,-0.0009291465,-4.5382007e-05,0.0015093252,0.00020491112,0.00025535355,0.00056359736,-1.30052895e-05,-7.3601295e-05,-0.0005332768,0.00097040436,0.0021237554,0.0001693419,4.2663105e-05,0.00015171894,0.0018529112,0.0036065842,-0.00052981765,-0.0013020321,-0.0021257098,0.00017658273,-0.00018577903,-0.0012676212,-0.00020573416,-0.0002605198,3.2814219e-06,0.00055865006,-3.714341e-05,-6.0046797e-05,9.662542e-05,-0.00030656852,-0.0023558189,-6.039881e-06,8.264273e-05,-0.00015842779,-1.27837775e-05,0.00019379696,0.00013669198,-0.00015242494,0.0019309218,0.00067410764,-1.4613079e-06,0.0005932448,0.0019748113,-0.0002718621,-6.611343e-05,0.009030184,0.00011258193
BT*CS,0.37724079302986097,0.27096894,0.1638642678264589,0.00095982564,4.899304e-05,2.4284383e-05,0.00017182203,-2.536733e-06,-0.00011873104,7.7157765e-06,-2.1274152e-05,-0.0026749114,-0.00024565036,-0.00091456785,-0.0013709913,-0.0050739683,0.07342416,-0.007787901,-0.010310261,-0.00081070664,-0.00019087757,0.0006073291,0.00083445245,0.0012926622,0.001002019,0.00018718046,0.00097332016,-2.1911526e-05,0.00062241196,-0.00011217638,1.5317124e-05,0.00016215068,0.00023718957,2.5068914e-05,-0.0006054322,0.00019804208,0.00036658766,-0.00037277167,-0.0011813567,1.1485678e-05,0.00023522107,0.0009946147,0.0016657049,-0.0006903497,0.001010304,0.00036716193,0.0042566033,-0.0002698407,0.00041063104,0.0023504707,0.00028203428,0.0010556349,-4.1023068e-05,-1.3841986e-05,-0.00033292023,-0.00026582187,0.00050588575,-0.001270165,-0.0032693823,3.355706e-05,6.650614e-05,-3.6391273e-05,2.026893e-05,-1.18770995e-05,0.00012346069,-0.0001986912,0.0055446336,0.002149492,4.22867e-05,-0.0007549718,-0.00069843885,0.00018524213,-0.00012194725,0.004956606,-9.202834e-05
BT*CA,0.05979692662813046,0.6102205,0.9219383853716232,0.0034377396,8.8935216e-05,-0.00039417268,-0.00013014114,-0.00077089306,6.404792e-05,2.9446635e-06,6.376735e-06,-0.003352523,-0.0012269034,-0.011402043,-0.005385898,-0.011784171,-0.007787901,0.37236908,-0.02190307,0.0005269241,-0.00029890687,-0.00076605624,0.0011165007,0.001701933,0.0016403199,0.00027026123,0.0016615605,2.5777037e-05,-0.0006037215,0.00043145852,0.0022844335,0.00027865957,0.0008301656,0.0041870577,-0.0015651495,0.0006708913,0.0005319393,-0.0004653977,-0.00024058724,-1.8642146e-05,0.00017519125,0.0063387295,0.0039675324,0.00044266752,0.002126174,-0.00036988157,0.0072741406,0.00012607899,0.00048160052,0.017505616,0.00050819304,-0.00030680763,-5.9213562e-05,-5.818586e-06,-0.00015925564,6.775533e-05,-7.329038e-05,-0.00014434133,-0.0028626735,6.3296335e-05,0.00012395157,0.0002444394,-9.7928096e-05,-8.908423e-05,6.469182e-05,-0.00020903641,0.0044478206,0.005825139,3.9164726e-05,-0.0011857575,0.00014082796,0.0010532535,-7.8569385e-05,0.005251246,-0.0002848049
BT*DP,0.12344018934153211,0.36825895,0.7374746557237837,0.0023052697,3.4721532e-05,7.017943e-05,-0.00049467303,-0.00047463985,7.477173e-05,5.8830985e-05,-1.9141666e-05,-0.0019129831,-0.001721545,0.0038521239,-0.004018941,-0.008676206,-0.010310261,-0.02190307,0.13561465,0.00080856873,-0.00024767785,0.00014591671,0.00095862057,0.0017832549,0.0015882854,0.00028994243,0.0016753878,0.00016390697,0.00041132237,-1.0304181e-05,-0.0028641922,-0.0002998488,0.000110724075,2.4404708e-05,0.00045667513,0.0012365967,-7.034586e-05,-0.00087598345,0.0016492808,5.7476747e-05,0.00023713829,0.0027724775,0.011618098,0.0018480347,0.0019077408,-0.0020290758,0.005771092,7.594486e-05,0.00046836116,0.0052707684,0.0008749912,-0.00024830337,-6.912542e-05,0.0003813128,-0.00014077895,7.6272563e-06,-0.00010443772,-0.00026273867,-0.0032946155,6.08151e-05,0.0002437499,-0.00013402449,0.00027329044,-2.416641e-06,0.00030581097,-0.0011625523,0.0073340572,0.0061256206,-5.224521e-05,0.0019587828,-0.0033770418,0.0003405462,-7.520708e-05,0.010737654,-0.00017064738
BV*BT,-0.521730924866132,0.057153605,6.940732297379825e-20,0.00019555436,-0.0012999778,6.153157e-05,0.0002038787,5.8387417e-05,-1.5947304e-05,6.313317e-05,9.832088e-06,0.00024726102,0.0012939272,-0.0006769275,-0.00028295306,5.0139315e-05,-0.00081070664,0.0005269241,0.00080856873,0.0032665348,0.0013051836,0.0012730391,-9.22372e-05,-0.00023602175,-0.0009040599,-0.0001647004,-0.0011639923,4.162116e-05,0.00094805576,-0.00016176698,3.8634807e-05,2.9602404e-06,-1.290826e-05,-3.6071327e-05,8.2389124e-05,3.5331916e-05,0.00038472292,-0.00027197535,-0.001023631,4.3108225e-06,2.1604625e-05,0.00033068523,1.5423562e-05,0.00053483504,-0.00036323597,-0.0005588771,0.0005011302,-7.208317e-05,1.15812345e-05,0.00026564623,6.5362234e-05,9.8293625e-05,-8.752888e-05,-0.00012604056,5.7743655e-05,2.324164e-05,2.2969602e-06,0.00015600883,0.00134649,-1.896926e-05,0.00060978765,-6.196959e-05,0.00062699744,0.00012508302,0.00056492374,-0.0023099815,-0.004312047,0.0006556499,1.7154074e-05,-3.319209e-05,-0.0012321756,-7.487135e-05,5.344738e-05,-0.0016191027,-1.6067315e-05
BV*BV,-0.8773952506322276,0.05411968,4.139736742467543e-59,-2.782189e-05,-0.0024164736,5.515877e-06,4.6540565e-05,-0.00010826639,-4.334171e-05,0.00011850576,2.4465862e-06,4.387762e-05,0.00010520287,4.5424396e-05,-8.9208006e-05,-0.00027428506,-0.00019087757,-0.00029890687,-0.00024767785,0.0013051836,0.0029289399,0.0027662092,-0.00010691259,0.0004381196,-0.0011920067,-0.00050271634,-0.0018594697,4.8243284e-05,0.0011036304,-5.4968998e-05,0.00030942162,5.8360005e-05,1.5443122e-05,-7.4845586e-05,-0.00012389485,1.3596652e-05,0.00027615504,5.000456e-05,-0.00027926225,2.636481e-05,5.1577726e-06,0.00014651637,-1.8321109e-05,-6.900009e-05,-0.00016631462,1.4749094e-06,-0.00065730314,0.00012898269,1.1566648e-06,8.776067e-05,-2.6585472e-05,-3.054722e-05,-2.9493292e-05,-0.00010465322,-8.466519e-05,-6.887954e-05,0.00015008102,-0.00021988472,-0.00022916649,-3.1091135e-06,0.00088098,-0.00015354803,0.0011813766,0.00019800608,0.0010422968,-0.004201633,-9.5479656e-05,6.590981e-05,2.338351e-05,-0.00035065057,-0.00022284141,9.830619e-05,-1.5400143e-05,0.0010699965,-2.8488006e-05
BV*CD,-1.2100460936970985,0.16222632,8.718169770767675e-14,0.0013121389,-0.0028186915,0.00055753323,0.0014065413,0.000249584,-5.7627267e-06,0.00019453806,9.051439e-07,-0.0010882814,0.00020582801,0.0005363327,2.7980353e-05,-0.0014852056,0.0006073291,-0.00076605624,0.00014591671,0.0012730391,0.0027662092,0.026317377,0.0003826593,-0.0005200387,-0.00044594033,-0.00019474889,-0.000580816,-0.00046271554,0.011829176,5.0511968e-05,-0.0074764676,-0.0011194451,-7.3679104e-05,-0.0004117725,-0.003858728,-0.00039372267,0.0023516207,-0.0013673179,-0.006979993,-6.080143e-05,6.72906e-05,0.00030145494,-0.0037355872,-0.00047425492,-0.00098909,0.0011379506,0.0010336015,-0.00027121144,-1.7990478e-05,-0.00017352852,1.1206638e-05,-0.00010990085,-0.00010863927,0.0014690439,-1.3250265e-05,7.8118655e-06,6.27676e-06,0.00022606402,-0.00011675226,1.5858195e-05,0.0013887432,-0.00060585944,0.0012521019,8.0416365e-05,0.0012460226,-0.005463558,0.00035527477,0.00046227904,3.8354025e-05,0.0071874633,-0.0056919735,-0.00018783535,-1.1904042e-05,-1.507968e-05,1.9043917e-05
BV*CH,-0.46185117000877834,0.14917392,0.0019611166082960543,0.00033458887,-0.00086813234,9.820375e-05,0.00035466475,8.190488e-05,-2.7453552e-06,3.83592e-05,9.659953e-06,-0.00036435341,-0.00017992819,-0.00047228395,0.00041009032,0.0007383535,0.00083445245,0.0011165007,0.00095862057,-9.22372e-05,-0.00010691259,0.0003826593,0.022252856,0.0004955176,0.001355302,0.00055653596,0.0014363772,-2.0607808e-06,0.0010164684,-0.00025788657,0.00038058317,7.550672e-05,6.744734e-05,-0.00014000444,0.00032195938,-0.00014482926,0.0011078559,-0.0003783691,-0.0016709619,-3.9473176e-05,1.2024153e-05,0.00027092567,-0.000808349,0.00029357208,-0.00064987113,-0.00017538213,0.00096004194,-0.00010860451,1.2020077e-05,0.0003413706,5.9888807e-05,5.757609e-05,-0.00023604972,9.244186e-05,0.00012784747,0.00010780695,-6.751824e-05,0.00034478266,0.001520253,-7.0646884e-06,0.0007556977,-7.144289e-05,0.00012593281,3.5361325e-05,0.00026484573,-0.0011792056,-0.0047051166,0.00037261576,2.868297e-05,0.000996995,-0.0017445405,-9.075285e-05,5.954244e-05,-0.0016475468,5.7438614e-09
BV*BU,-0.4492349585517065,0.11022541,4.589535146715528e-05,0.0008475071,-0.0009975919,9.103181e-05,9.110031e-06,0.00014834625,5.241218e-06,6.900033e-05,8.451144e-06,-0.0008108898,0.00013780847,-0.0012364042,0.00060888135,0.0009787106,0.0012926622,0.001701933,0.0017832549,-0.00023602175,0.0004381196,-0.0005200387,0.0004955176,0.012149641,7.870054e-05,0.00021880527,3.438644e-05,3.2335538e-06,0.000168474,-0.0002613879,0.00054150523,8.0593745e-05,0.00016765237,-4.1981973e-05,-0.00031916072,7.62463e-05,1.843629e-06,0.00016872825,-1.8837893e-06,4.3398566e-05,1.2172853e-05,0.00013222794,0.0007196268,0.000114295945,0.005425095,-0.0005699613,-0.0020160698,5.987789e-05,-7.590474e-05,0.00024535388,-3.578907e-05,6.0768798e-05,-0.000162229,0.00016514024,0.00019012534,0.00015382937,-0.00012962603,0.00058250246,0.00231256,4.0823707e-06,0.00069768686,-0.00020484425,0.0003750161,-2.0378087e-05,0.00038965093,-0.0018181516,-0.0059848484,0.00019796641,6.8104036e-06,0.0013661684,-0.0008417864,-0.0003051077,9.510436e-05,-0.0014534027,3.343418e-05
BV*CS,-0.15892821183329361,0.19794063,0.4220276363448403,0.00013588973,8.508171e-05,2.7969494e-05,9.23007e-05,5.005204e-05,-2.6889515e-05,-2.9012338e-06,2.7254102e-06,-0.0002453228,-0.0003699261,-0.0004611103,0.00049667194,0.0013242504,0.001002019,0.0016403199,0.0015882854,-0.0009040599,-0.0011920067,-0.00044594033,0.001355302,7.870054e-05,0.039180495,0.0006840233,0.0016551907,-1.3468479e-05,0.00024905108,-0.00011178887,0.0002083819,3.441968e-05,-3.6536094e-05,0.00016166175,7.638241e-05,2.9625575e-05,9.4192765e-05,-0.00013433342,-0.00048561706,-2.1377837e-06,2.9797638e-05,0.00033062967,0.00061339285,0.00053741114,-0.0006293657,-0.00022892469,0.0013806429,-0.000102710066,4.2749096e-05,0.0006074379,9.9567755e-05,2.9622692e-05,0.002440415,-6.913509e-05,9.815731e-06,1.3002917e-05,6.9456204e-05,-3.2090662e-05,0.000909542,-7.651757e-06,0.00040802368,-3.4700646e-05,-0.00020084108,-1.1844577e-05,-9.629686e-05,0.00028545284,-0.006774948,0.00057807926,3.108192e-05,0.0013888662,-0.0008153714,-4.300622e-05,4.475797e-05,-0.0016279531,-1.5135036e-05
BV*CA,0.012963746160000294,0.09686218,0.893531449799616,9.877654e-06,0.00012334531,8.462559e-06,-1.3290198e-05,2.00838e-05,-8.208303e-06,8.936336e-05,3.4864731e-06,-3.168205e-05,-7.1727365e-05,-6.9073125e-05,8.554728e-05,0.00025916233,0.00018718046,0.00027026123,0.00028994243,-0.0001647004,-0.00050271634,-0.00019474889,0.00055653596,0.00021880527,0.0006840233,0.009382282,0.0007858309,-2.1218102e-06,-6.0684255e-05,-2.3260454e-05,4.5577755e-05,2.5760177e-05,3.6820824e-05,-3.5886238e-05,6.764947e-05,1.972571e-06,-1.6688664e-05,1.1893555e-05,7.4079384e-05,-6.77384e-06,-3.6514377e-06,0.00026781784,9.787663e-05,8.452682e-05,-0.00011774326,-3.5407083e-05,0.0002623491,-2.6074851e-05,2.7534222e-06,0.00013270583,1.6817405e-05,1.535776e-05,-5.8634658e-05,3.6407866e-05,3.7263424e-05,2.5934149e-05,-1.7652798e-06,0.00012347692,0.0004162528,-1.2455729e-05,-7.477036e-05,-0.00019214279,0.0007012075,0.0001278744,0.00085213163,-0.0034211553,-0.002455312,9.05075e-05,4.163604e-06,0.00026866255,-2.5981524e-05,-2.44391e-05,1.3981326e-05,-0.0008345338,-1.5598579e-06
BV*DP,0.24223659334334657,0.18818566,0.19801716366053068,3.0419492e-06,0.00066510634,-4.506338e-06,-5.7770135e-06,3.7824923e-06,9.706328e-06,-2.1568687e-05,2.0800433e-05,-0.00013430143,-0.00040658785,-0.0004279174,0.00049071753,0.0014742569,0.00097332016,0.0016615605,0.0016753878,-0.0011639923,-0.0018594697,-0.000580816,0.0014363772,3.438644e-05,0.0016551907,0.0007858309,0.035413843,-1.7332904e-05,-0.000166553,-1.2534185e-05,0.00012276247,3.6173842e-05,3.0621268e-06,0.00010386247,5.4395106e-05,5.9660553e-05,-5.4631393e-05,-6.519163e-05,-8.133248e-06,-4.7961357e-06,2.6339447e-05,0.0003018778,0.0010728567,0.0005986057,-0.0005966283,-0.00026016752,0.001246,-5.9121903e-05,3.9199258e-05,0.0007057864,0.00014139184,9.058669e-05,-0.00021469737,-1.2040013e-05,0.00017463778,0.00015722823,-0.00012754765,0.00046046826,0.0023130998,-6.2863237e-06,0.00025157945,4.2011354e-05,-0.0003072744,-3.46727e-05,-0.00025618036,0.00092397066,-0.0076596006,0.0003237661,-0.00029569003,0.0010914957,-0.00085376337,-2.3037195e-05,9.699849e-05,-0.0032204837,-7.25724e-05
CD*BT,0.026322297925852896,0.039390545,0.5039810556788988,-1.6674327e-05,-4.9669554e-05,-0.00022175872,-7.610544e-05,4.64112e-06,-1.2983759e-05,1.2169123e-06,-6.3503177e-07,4.2931093e-05,-4.3512522e-05,0.00024380947,-4.0072875e-05,-0.00018492395,-2.1911526e-05,2.5777037e-05,0.00016390697,4.162116e-05,4.8243284e-05,-0.00046271554,-2.0607808e-06,3.2335538e-06,-1.3468479e-05,-2.1218102e-06,-1.7332904e-05,0.001551615,-0.00039574498,-0.00011677129,-0.0017157451,-0.00034860178,-0.00021911172,-0.0018751286,0.0028274574,0.00028833814,-3.804194e-05,0.000101155,0.00012857305,-1.0761889e-05,2.7220036e-05,0.00012760001,-0.00041203632,-2.4964253e-05,-1.41334185e-05,-4.7618614e-05,7.372204e-05,-9.222006e-06,-4.56101e-06,-3.7267728e-05,-8.976088e-06,7.516724e-05,6.1169426e-06,7.085527e-06,5.3410862e-05,2.8971712e-05,-3.2154617e-06,8.146918e-05,-0.00015675538,1.999462e-05,-6.33807e-07,0.00016189618,6.76598e-05,-2.636685e-05,-5.6169447e-06,2.6962014e-05,-0.00012808324,-0.00014979974,5.444313e-06,-0.0008750075,0.00077302323,3.473912e-06,-1.3668346e-05,-0.00046820132,4.9216123e-06
CD*BV,0.5244657002543895,0.18019421,0.0036078406688345435,0.0012764541,-0.00116571,-0.0013225426,0.0023413454,-9.4551964e-05,-1.3128237e-05,9.1877766e-05,1.0685456e-05,-0.0010054769,0.00065401616,-0.0005473336,0.0001513567,-0.0009291465,0.00062241196,-0.0006037215,0.00041132237,0.00094805576,0.0011036304,0.011829176,0.0010164684,0.000168474,0.00024905108,-6.0684255e-05,-0.000166553,-0.00039574498,0.032469954,0.00041493494,-0.013867944,-0.001188955,0.0018034623,0.0020502047,-0.016246604,-0.00056480576,0.0045613134,-0.003814344,-0.012450316,-1.2059811e-05,0.00019608717,0.001418972,-0.0055568474,-2.6302264e-06,-0.0005528005,0.0006246666,0.000300454,8.2291e-05,5.857463e-06,1.7664426e-05,-4.706259e-05,6.039064e-06,0.00014352049,-0.0006225262,0.00011069142,6.327191e-05,-4.65571e-05,0.0006201342,0.00029461866,2.2249244e-05,0.0006715938,-8.7218556e-05,0.00080344616,-9.6292824e-05,0.00042018172,-0.0023941118,-0.0014031288,0.0002720975,-1.3463334e-05,0.0075813704,-0.010027901,8.998032e-05,-7.6131646e-06,-0.0032687415,1.05401405e-05
CD*CD,-1.03391172999395,0.060890414,1.1572857085776913e-64,-0.00014128193,8.079253e-05,-0.0014477476,-0.00050970784,9.277489e-05,-5.248702e-05,-7.63971e-06,-2.879267e-06,9.990247e-05,-0.00011685239,7.373054e-05,-6.230692e-05,-4.5382007e-05,-0.00011217638,0.00043145852,-1.0304181e-05,-0.00016176698,-5.4968998e-05,5.0511968e-05,-0.00025788657,-0.0002613879,-0.00011178887,-2.3260454e-05,-1.2534185e-05,-0.00011677129,0.00041493494,0.0037076424,0.0014342278,-0.00079297426,3.402535e-05,-0.0024126673,0.0020429078,0.00012868945,-0.00047815012,0.0007475548,0.0022686974,1.5490094e-05,-9.958265e-06,0.00029266725,0.0011662947,-0.00010737018,-9.77821e-05,-0.00014050804,0.0003444303,-8.568267e-05,-6.7918754e-06,5.6213008e-05,9.241241e-06,-4.82727e-06,4.4440523e-05,0.0001721357,2.8438873e-05,-1.5156946e-05,0.000108295986,-2.1041024e-05,0.0002797026,-3.0710896e-06,-9.082045e-05,-8.9952904e-05,-0.0001308552,-3.9068385e-05,-0.00011463071,0.00036630975,0.0010518258,-9.644087e-05,-7.1064255e-06,-0.000801294,0.0023491518,-8.8486675e-05,5.507294e-06,0.0009818194,1.42252675e-05
CD*CH,-0.6442515353631161,0.39881396,0.10622005233786537,-0.0003789211,-0.00037454028,-0.0035393913,0.00063193304,-0.000106839616,-0.00015772939,-9.524429e-05,-4.710312e-05,0.00017831038,-0.00054936256,-0.00044731185,0.0012299598,0.0015093252,1.5317124e-05,0.0022844335,-0.0028641922,3.8634807e-05,0.00030942162,-0.0074764676,0.00038058317,0.00054150523,0.0002083819,4.5577755e-05,0.00012276247,-0.0017157451,-0.013867944,0.0014342278,0.15905258,-0.0072463676,-0.00020705178,-0.017122444,-0.02110642,-0.0016390804,-0.0022205221,0.010368588,0.0024279922,-0.0010648101,-0.00087460916,-0.010143088,0.0007173985,0.00064643426,3.252337e-05,-0.002161797,-0.0040747044,0.00015498351,-6.347122e-05,0.00065529015,1.3611635e-05,0.00025388243,0.00014481822,5.7497404e-05,0.00081698847,0.0006472027,-8.021767e-05,0.0015001856,-0.0015194031,7.546043e-05,0.0002589,-0.00040682062,0.0013841531,7.083536e-05,0.00020804224,-0.00039167417,-0.0013293328,0.0017040138,1.0719177e-05,-0.001164933,-0.006875671,0.00010371208,-6.696203e-05,0.010943552,1.8055278e-05
CD*BU,0.19711184195909978,0.09688873,0.0419098128707003,-9.25528e-05,-6.994947e-05,-0.00031695262,-6.773572e-05,-0.00019513576,-1.791714e-05,-2.9691335e-05,-1.5254125e-05,2.4866498e-05,-5.785254e-05,0.00022524534,-7.945623e-05,0.00020491112,0.00016215068,0.00027865957,-0.0002998488,2.9602404e-06,5.8360005e-05,-0.0011194451,7.550672e-05,8.0593745e-05,3.441968e-05,2.5760177e-05,3.6173842e-05,-0.00034860178,-0.001188955,-0.00079297426,-0.0072463676,0.009387425,-0.0019525192,-0.0077114785,-0.01544933,-7.3838906e-05,0.00014977592,0.00047012302,-0.00036351703,0.00043519412,0.00018979776,0.0019509499,0.0010896355,1.5326589e-06,8.6646956e-05,0.00038204872,-0.00060268195,0.00017504962,-2.4563311e-05,5.5274115e-05,-1.9701925e-05,7.0375885e-05,2.7916378e-05,0.00028932182,0.0002460207,0.0003770393,-0.00013507802,0.0005874164,0.00014138759,-1.0937468e-05,8.213979e-05,0.00012403769,3.4864373e-05,0.00030686692,0.00014918504,-0.0002926543,-4.6595465e-05,-0.00016086534,2.0408657e-05,0.000995633,0.00059770024,0.00023305268,2.3884315e-05,0.006743254,-3.3610355e-05
CD*CS,0.001650633726686875,0.22612512,0.9941757755021066,1.4984688e-06,-2.8063128e-05,-0.0009707095,-2.009507e-05,-2.0748164e-05,4.522674e-05,-1.8331613e-05,2.3546277e-06,-3.074311e-05,3.769588e-05,-0.00019311797,0.00015451777,0.00025535355,0.00023718957,0.0008301656,0.000110724075,-1.290826e-05,1.5443122e-05,-7.3679104e-05,6.744734e-05,0.00016765237,-3.6536094e-05,3.6820824e-05,3.0621268e-06,-0.00021911172,0.0018034623,3.402535e-05,-0.00020705178,-0.0019525192,0.051132567,-0.003703432,-0.0053353216,9.013193e-05,4.646815e-05,0.00016952412,-0.00033924473,0.00014175291,0.00022389715,0.001128872,-1.3378602e-05,7.14368e-05,8.5894506e-05,-0.00019635283,-6.8837275e-05,2.3252107e-05,5.2297924e-05,0.00022175974,-5.7598013e-06,-0.00016987012,-0.00020021647,0.003016718,-0.00053157675,-0.0005328061,0.00024880556,-0.0017258581,-0.00022614042,1.8572173e-06,5.8168782e-05,-2.6754213e-05,0.00019245912,0.00010817653,0.00033497377,-0.00030483282,-0.0012835042,-0.00040267454,1.3624428e-05,0.0014556759,0.00047176328,2.3984287e-05,1.8728564e-05,0.0005876605,-1.4572705e-05
CD*CA,-0.014818671583281581,0.5113026,0.9768787906411123,-0.0004814797,7.560688e-05,0.00088833395,-0.0011078899,0.00022260392,-5.022321e-05,2.7534963e-05,2.2212917e-05,0.00035317126,-1.7661712e-05,0.000778828,0.00013812838,0.00056359736,2.5068914e-05,0.0041870577,2.4404708e-05,-3.6071327e-05,-7.4845586e-05,-0.0004117725,-0.00014000444,-4.1981973e-05,0.00016166175,-3.5886238e-05,0.00010386247,-0.0018751286,0.0020502047,-0.0024126673,-0.017122444,-0.0077114785,-0.003703432,0.26143032,-0.0074795475,0.00055397156,-0.00021809048,0.0034624762,0.0033577417,0.00020593734,0.00023302055,0.0103451,0.002406774,-0.00018918181,-0.00011122447,-0.0004179998,0.00113793,-0.00018471753,-2.9975141e-05,-1.9046515e-06,3.6918333e-05,1.8407096e-05,0.0001969913,0.0013677608,0.00044828386,0.0002863823,-0.00015102002,0.002043531,0.0013714234,3.197796e-05,-8.597154e-06,0.0012060367,-0.00033644738,-0.00020899146,-0.00039149547,8.6652806e-05,0.0020883011,0.00010541058,-5.303877e-05,0.0030151312,0.005341855,-0.0002868206,-1.4335365e-07,-0.004994508,2.6523947e-05
CD*DP,-0.14424571912964196,1.0289533,0.8885123651185778,-0.0002000393,0.00010261148,-0.0008681885,0.00040717304,-0.00087884243,5.954598e-05,0.00014485921,-6.107282e-05,0.00015738372,3.0367976e-06,9.713702e-05,-0.0002911649,-1.30052895e-05,-0.0006054322,-0.0015651495,0.00045667513,8.2389124e-05,-0.00012389485,-0.003858728,0.00032195938,-0.00031916072,7.638241e-05,6.764947e-05,5.4395106e-05,0.0028274574,-0.016246604,0.0020429078,-0.02110642,-0.01544933,-0.0053353216,-0.0074795475,1.058745,-0.0016961768,0.0011108415,-0.00042337904,-0.0025256004,0.00062692084,0.00035067875,0.0052150735,0.0075378893,0.0005021828,4.568386e-05,0.00088055676,0.000293205,0.00067834865,8.492988e-05,0.003440506,-7.84451e-05,-0.00042430256,-3.0476216e-05,-0.0007268307,0.00023778983,0.00068884296,-0.00028895313,0.00069692364,0.0049795867,-0.00010226837,-0.00018382196,-0.0010553171,-0.0015563009,-0.00040696922,-0.00017107303,-0.00025509953,0.008115051,-0.00094296853,2.432664e-06,0.007741641,-0.0048021404,0.0010748361,0.0003915666,0.04299636,-0.00010667127
CH*BT,-0.1365829666138396,0.050821446,0.0071987699210990415,-0.00017682777,-1.5403974e-05,-8.999992e-05,-0.00096005877,0.00010407716,-9.6481845e-06,7.1502413e-06,1.470409e-05,0.00019391376,-2.7919541e-05,0.00020918381,0.00044211937,-7.3601295e-05,0.00019804208,0.0006708913,0.0012365967,3.5331916e-05,1.3596652e-05,-0.00039372267,-0.00014482926,7.62463e-05,2.9625575e-05,1.972571e-06,5.9660553e-05,0.00028833814,-0.00056480576,0.00012868945,-0.0016390804,-7.3838906e-05,9.013193e-05,0.00055397156,-0.0016961768,0.0025828192,-0.00046265151,-0.0008028989,0.0033926284,2.6790829e-05,-4.8858066e-05,-0.001841196,-0.0010833368,-0.00032429426,8.6228116e-05,0.00015045826,0.00088426,-8.479678e-05,-2.9872783e-05,-0.0003239041,-4.7452737e-05,5.701344e-05,2.1626576e-05,-0.00018443404,8.234108e-05,2.093702e-05,-7.445448e-06,0.00014788964,0.0015503339,-2.6460008e-05,-2.395758e-05,-0.00018623496,0.00042754164,-7.415115e-06,-5.7171957e-05,8.3874154e-05,0.0023771492,-0.00088032935,-7.113446e-06,5.9888174e-05,0.006346316,-0.00011299073,4.5387627e-05,-0.0006832748,3.1268795e-05
CH*BV,0.334365779943416,0.099262364,0.0007557699916109627,0.000887434,-0.0003003525,0.00018039519,0.00064581464,3.152916e-05,3.3734902e-06,-2.4881373e-07,2.3701854e-05,-0.0006959877,0.00034279577,-0.0007771399,-3.3491837e-05,-0.0005332768,0.00036658766,0.0005319393,-7.034586e-05,0.00038472292,0.00027615504,0.0023516207,0.0011078559,1.843629e-06,9.4192765e-05,-1.6688664e-05,-5.4631393e-05,-3.804194e-05,0.0045613134,-0.00047815012,-0.0022205221,0.00014977592,4.646815e-05,-0.00021809048,0.0011108415,-0.00046265151,0.0098530175,-0.001251999,-0.00904929,0.00013630843,0.00062552333,0.0033263857,-0.002380002,-3.783094e-05,-0.00058735855,-0.0001439243,-0.00010139809,8.4082414e-05,-4.397422e-05,-0.00032484255,-2.4944933e-05,2.3430663e-05,-1.15325065e-05,4.393681e-05,0.000107935084,4.314316e-06,-7.741862e-06,5.3259108e-05,0.0009452012,-1.2747643e-05,-4.5055367e-05,-0.000118346885,0.0011409102,-7.446092e-05,-0.00016337898,0.0005132846,0.00076087797,-0.0010073349,-3.93672e-05,-0.0012180828,-0.00032036216,-0.00020314149,-9.015248e-07,-0.0034155925,5.7742316e-05
CH*CD,-0.466261877112076,0.10590284,1.0689599300084382e-05,-0.0007180413,-4.153588e-05,-0.00024889546,-0.0026578915,0.00010586884,1.4604747e-05,6.333656e-05,-4.9623072e-06,0.0004709886,-0.00018447082,0.0014543341,8.247207e-05,0.00097040436,-0.00037277167,-0.0004653977,-0.00087598345,-0.00027197535,5.000456e-05,-0.0013673179,-0.0003783691,0.00016872825,-0.00013433342,1.1893555e-05,-6.519163e-05,0.000101155,-0.003814344,0.0007475548,0.010368588,0.00047012302,0.00016952412,0.0034624762,-0.00042337904,-0.0008028989,-0.001251999,0.011215412,0.010704185,-0.00054177636,-0.0001526336,-0.009319466,0.008711617,0.00020018744,0.00037637335,-0.0008508368,0.0023534421,-0.00010763834,-1.7990245e-05,-0.0009537532,6.97925e-05,-4.5757864e-05,-3.0728388e-05,0.00038338936,9.840241e-05,3.2504646e-05,-3.7756836e-05,1.3859943e-05,-0.00094896846,-4.5228684e-05,0.00011932781,-0.0007399487,0.0018018336,2.4741776e-05,0.00021192744,-0.0009863466,-0.00012476816,0.0007960524,3.6518966e-05,-0.002210887,0.012634239,-5.2856205e-05,-2.889354e-05,-0.0038639249,-7.510174e-05
CH*CH,-1.8905542926925778,0.2471825,2.0347211319856162e-14,-0.0033589513,0.00035057278,-0.0011767453,-0.010502033,0.00023357116,-2.217479e-06,0.00010595798,-9.28654e-06,0.0025974726,-0.0005700661,0.0026291464,0.00032382575,0.0021237554,-0.0011813567,-0.00024058724,0.0016492808,-0.001023631,-0.00027926225,-0.006979993,-0.0016709619,-1.8837893e-06,-0.00048561706,7.4079384e-05,-8.133248e-06,0.00012857305,-0.012450316,0.0022686974,0.0024279922,-0.00036351703,-0.00033924473,0.0033577417,-0.0025256004,0.0033926284,-0.00904929,0.010704185,0.06109919,7.741927e-05,-0.0015234043,-0.012539588,0.022399254,-0.0002078901,0.0015813007,0.00033430278,0.0047641755,-0.00052369456,7.960396e-05,-0.00053336,9.585944e-05,5.341856e-05,1.6433947e-05,-0.000580006,7.5059994e-05,0.00011824767,-0.000107171756,0.00023622076,0.000860179,2.932192e-05,0.00038108666,1.2734272e-06,-0.0006965502,0.0002838315,0.0008950221,-0.0032955413,0.005393631,-0.0009583344,0.00013915384,-0.0029501684,0.044978257,0.00024227018,9.1207236e-05,-0.000575812,-0.00024016839
CH*BU,-0.024040553662530037,0.045734387,0.5991272586796124,-5.2746866e-05,-2.537712e-05,-4.4097105e-05,-0.0002637264,3.030306e-05,-2.850891e-06,6.794247e-06,6.5764343e-06,3.661005e-05,-5.695336e-06,1.9374568e-07,-9.511295e-05,0.0001693419,1.1485678e-05,-1.8642146e-05,5.7476747e-05,4.3108225e-06,2.636481e-05,-6.080143e-05,-3.9473176e-05,4.3398566e-05,-2.1377837e-06,-6.77384e-06,-4.7961357e-06,-1.0761889e-05,-1.2059811e-05,1.5490094e-05,-0.0010648101,0.00043519412,0.00014175291,0.00020593734,0.00062692084,2.6790829e-05,0.00013630843,-0.00054177636,7.741927e-05,0.002091634,7.325616e-05,-0.0001954503,-0.00020788654,5.5236775e-05,9.45388e-05,0.00012813955,-0.0023940909,-6.6542016e-05,9.591304e-06,8.140861e-05,2.078402e-05,5.24562e-06,7.1730005e-06,-9.535664e-06,4.1494004e-05,1.2265645e-05,-7.7878997e-07,6.000874e-05,0.0003954865,-6.0987446e-07,-2.6732128e-05,-3.593203e-05,0.00032545737,-5.435399e-05,-6.148383e-05,0.0001246884,0.00020666828,-0.00024521677,-5.937525e-06,-0.00033502234,0.0020551286,-2.4474186e-05,6.494307e-06,-0.0012102559,8.609423e-06
