Param name,Param value,Param stdv,Param p-value,BT,BV,CD,CH,BU,CS,CA,DP,BT*BT,BT*BV,BT*CD,BT*CH,BT*BU,BT*CS,BT*CA,BT*DP,BV*BT,BV*BV,BV*CD,BV*CH,BV*BU,BV*CS,BV*CA,BV*DP,CD*BT,CD*BV,CD*CD,CD*CH,CD*BU,CD*CS,CD*CA,CD*DP,CH*BT,CH*BV,CH*CD,CH*CH,CH*BU,CH*CS,CH*CA,CH*DP,BU*BT,BU*BV,BU*CD,BU*CH,BU*BU,BU*CS,BU*CA,BU*DP,CS*BT,CS*BV,CS*CD,CS*CH,CS*BU,CS*CS,CS*CA,CS*DP,CA*BT,CA*BV,CA*CD,CA*CH,CA*BU,CA*CS,CA*CA,CA*DP,DP*BT,DP*BV,DP*CD,DP*CH,DP*BU,DP*CS,DP*CA,DP*DP
BT,0.7537281188906441,0.048155516,3.2215332290255336e-55,0.0023189539,0.00013089506,0.0003252903,0.00034299327,0.00038362996,-7.6219576e-06,6.0658556e-05,3.8417265e-06,-0.0017863337,-0.0010771587,-0.0020726188,-0.0008959211,-0.0013407669,0.0018105764,0.0019689978,0.00073978206,0.00045627987,-9.691668e-05,0.00026379377,-9.255906e-05,0.00048195376,4.2037263e-05,-0.00017003642,-0.00020457443,-0.00018218569,0.00048420636,-0.00062553596,1.1062666e-05,0.00034329493,6.638803e-05,-0.00049887283,1.5120607e-05,-3.8122314e-05,0.00039519643,-0.00039644763,-0.0013929238,-3.2546963e-05,-1.7057086e-05,-0.0015408903,-0.00099288,-0.00021680328,0.0004547057,-0.00040677603,0.0002613099,-0.00041898026,-1.6788334e-05,-0.00041227468,7.860046e-05,7.7625955e-05,-3.0228694e-06,0.00023794372,-1.2305733e-06,-1.2479778e-05,1.3078147e-05,2.2169375e-05,-9.7222706e-05,-5.569986e-05,0.0005660883,2.3032624e-06,-0.0014547048,0.00018359294,0.00076359295,-0.0025428275,-0.00041096305,0.0006655651,3.6510683e-05,-8.097592e-06,-0.001502167,-0.00033132097,-1.0068854e-05,0.0050816447,-1.2545842e-05
BV,0.9819420147481545,0.046619143,1.735761095624068e-98,0.00013089506,0.0021733446,3.8969756e-05,1.2305765e-05,7.964629e-05,1.8475019e-05,-0.00012378684,-3.4123528e-07,-0.00010289961,3.565659e-05,-0.000116748764,-4.7972203e-06,-1.8380862e-05,0.00011600022,5.4515374e-05,-0.00015330494,-0.0012623596,-0.0016167755,-0.0021254262,-0.00082369155,-0.0010744781,-0.0004846225,-0.00030374044,-0.00033559973,-2.1406495e-05,0.00017563604,-5.3566873e-05,-0.00020024757,-0.00021896044,6.27884e-06,-0.00029200886,-0.00015571782,-6.280789e-05,-0.0002726519,-4.7634832e-05,-2.152272e-05,-2.7920973e-05,-4.431655e-06,0.0016717871,-0.0003599985,-9.8265555e-06,0.00022815894,-4.442884e-05,0.00013734875,-9.136241e-05,2.1401054e-06,-0.00073651463,8.582835e-06,1.7209024e-05,0.00025220434,-1.4615968e-05,1.5047273e-05,9.897449e-06,-3.4375273e-05,-3.352537e-05,0.00027344696,-7.525466e-05,-0.0019656315,1.7284194e-05,0.0021167125,-0.0004830082,-0.0016047041,0.005419598,0.0013746358,-2.4784113e-05,-4.213882e-05,1.8840201e-05,0.00027128786,-5.402329e-05,3.108686e-05,-0.0033932582,-1.0435649e-06
CD,0.6663861306024561,0.081706785,3.4680804364781423e-16,0.0003252903,3.8969756e-05,0.006675999,0.00063095946,-3.598721e-05,3.92634e-05,0.00012277035,6.773551e-06,-0.00022050145,0.00011296206,0.00012165961,-0.00038931586,-0.00016942956,0.0006281971,-0.00010787855,-0.00037597446,0.0005478147,-6.493086e-05,7.2439434e-05,-0.00017420085,0.0006215381,8.8877336e-05,4.187281e-05,0.00012286556,-0.0029890505,-0.0024696835,-0.012195898,-0.0006759528,0.0028486864,-0.016034182,0.0047774822,-0.00012347002,7.9246995e-05,0.0007072989,0.001892108,-0.0025453283,-1.6452685e-06,2.8562321e-05,-0.02779068,-0.002245858,-5.9834096e-05,0.00074377935,0.0008560047,0.0010440798,-3.9008104e-05,5.411373e-05,-0.0008570506,-4.307897e-05,9.1543116e-05,-1.4788723e-05,0.0030811399,-2.4985195e-05,4.0901767e-05,-6.921013e-05,7.2409144e-05,-0.00029678163,0.00035314294,0.0016244807,-5.9413735e-05,-0.011711289,0.000992656,0.0022842803,-0.0070148115,-0.000158243,0.00018940574,0.00012468261,7.7282166e-05,-0.0014162096,0.00029973616,4.7892903e-05,0.008790325,-0.00015877631
CH,0.4780726986060529,0.038743142,5.546926955601289e-35,0.00034299327,1.2305765e-05,0.00063095946,0.0015010311,-2.041699e-05,9.554204e-06,0.00012393584,-2.6417707e-05,-0.00027431548,-1.3906805e-05,-0.00019546207,-0.0003558329,-0.00015894716,0.00028359538,2.0455307e-05,-0.0010024227,9.271008e-05,-5.6197377e-06,0.00020619639,0.00043508218,-4.8511887e-05,-3.420069e-05,-0.00020625614,-0.00019551927,-0.00034268422,0.0003657888,-0.0012759916,-0.0001035359,0.0006876646,-0.000254716,-0.00023597582,-2.6729276e-05,-0.00096421345,0.00019917086,-0.002932368,-0.005576507,-0.0003461167,-0.00012140333,0.017802596,-0.003178943,2.1911507e-08,-0.000104993305,2.8292912e-05,-0.00072255277,3.7203637e-05,-1.001036e-06,0.00048814417,-2.6681873e-05,8.415071e-06,-1.7649903e-05,0.00046751025,-1.8426601e-05,-1.1842693e-05,-1.0623762e-05,5.1136078e-05,-0.0007453608,-8.966345e-06,0.001110639,3.760113e-05,0.00025386343,0.00040246765,0.0013648262,-0.004759007,-0.00069857127,0.0003803221,-5.1376657e-05,-5.2647276e-05,-0.009491129,-5.662578e-05,-2.7041968e-05,0.012531639,0.00014259013
BU,0.7609784179745885,0.042279236,1.9883910541392345e-72,0.00038362996,7.964629e-05,-3.598721e-05,-2.041699e-05,0.0017875338,-1.5365732e-06,-2.151687e-05,-0.00010653783,-0.0003092165,-1.423856e-05,-0.00023693165,-0.00029171855,7.701442e-05,0.00039988724,-0.00019266178,-0.00086080946,0.00018252699,-5.9435468e-05,2.3215329e-05,6.4783667e-06,0.0001425119,4.448213e-05,-0.00012253191,-9.422196e-05,-3.249638e-05,-8.459464e-05,0.00017079788,0.00012300962,-0.00076958386,-0.0005908276,0.00016399326,-8.3746156e-05,8.838922e-05,2.6886393e-05,0.00011984672,6.555147e-05,4.0055154e-05,5.6941217e-06,-0.0023391154,0.00018505903,-0.0007938481,-0.0011954037,-0.0018383232,-0.00012967868,-0.0019003605,-0.00013963123,0.0008581984,0.00035400805,9.7081365e-06,8.452081e-06,2.834452e-05,-1.0194638e-05,-3.423222e-05,3.0269782e-06,-1.6054779e-05,-0.00081635325,-3.6770605e-05,-0.00020292177,-9.964536e-06,0.0015801195,-0.0005740283,-0.00029010887,0.0010157847,-0.00023228374,0.00027290522,-3.6353107e-05,4.566917e-06,0.00028201536,-0.0019409177,1.3553226e-05,0.0073678424,0.0005954108
CS,0.4612673525491652,0.018041663,3.5727800427867926e-144,-7.6219576e-06,1.8475019e-05,3.92634e-05,9.554204e-06,-1.5365732e-06,0.0003255016,-1.5714268e-05,5.529215e-06,5.797725e-06,-1.1691318e-05,7.620652e-06,1.489865e-05,-1.0904781e-05,-0.00022047295,2.2791673e-05,-2.5798498e-05,-1.4895953e-05,-1.3258765e-05,-2.4673483e-05,-7.4628256e-06,-3.8064702e-06,-1.7354721e-05,-5.3366926e-05,-2.0204216e-05,-1.8819579e-05,-3.2266285e-05,-6.697408e-05,-3.868065e-05,8.111741e-06,0.00010450453,-1.9305435e-05,-8.897878e-06,-1.429377e-05,1.7115937e-06,2.2048118e-05,-3.5387424e-05,-3.427643e-06,1.4746532e-06,4.2024658e-05,8.8147e-06,-3.112486e-06,1.7333508e-05,5.8573582e-06,-1.3766343e-05,3.1272662e-06,3.5487171e-06,-7.410912e-05,7.1319114e-06,-0.00013029878,-0.0002953062,-0.0007320476,-0.00013321266,-0.0001514708,-0.0005027483,3.0273195e-05,-0.0019422856,-1.6588463e-05,-8.926184e-05,4.579602e-06,0.00050129887,-4.3164742e-05,-0.00022108608,0.00051497464,5.5151406e-05,-1.0719562e-05,-1.5130088e-06,-3.0548392e-06,-0.00012166022,4.4060225e-06,-4.1324412e-05,-0.0005349716,-2.524437e-05
CA,0.08538313477777601,0.020112453,2.1831383634435703e-05,6.0658556e-05,-0.00012378684,0.00012277035,0.00012393584,-2.151687e-05,-1.5714268e-05,0.00040451073,3.508847e-05,-4.892736e-05,1.5804146e-05,-6.2373125e-05,8.40519e-05,6.568387e-08,8.1853934e-05,5.7870046e-05,-8.884916e-05,8.6337815e-05,8.976522e-05,0.00025375464,5.4670218e-05,6.454993e-05,5.0064027e-06,0.00041468648,0.00019481986,-9.872499e-05,0.00019875764,-0.00028026145,-3.520785e-05,0.000137702,-0.00015551869,-0.00015427485,6.1793435e-05,-2.7989548e-05,5.767167e-05,-0.00025211368,-0.0004712252,-3.014468e-05,-6.2541826e-06,-0.0036523764,-0.0007836242,1.4744029e-05,2.871493e-05,-2.6488113e-05,2.0865533e-05,2.0817595e-05,6.9801054e-06,0.0002011465,2.9948493e-05,2.048535e-05,3.2190092e-06,-3.5543326e-06,1.5737789e-05,1.71384e-05,2.3544831e-05,5.2793937e-05,0.00052575814,-0.00022412285,-4.6613157e-05,-6.0049526e-05,-0.0005378912,-0.00029423894,0.00011716392,-0.0023443222,-0.0010875347,-2.2621422e-05,-1.6217764e-06,-2.8406299e-05,-0.0008410668,2.0213793e-05,-1.1915411e-05,0.010489967,-0.00011053299
DP,0.2489296212521612,0.013084249,1.0561123017119324e-80,3.8417265e-06,-3.4123528e-07,6.773551e-06,-2.6417707e-05,-0.00010653783,5.529215e-06,3.508847e-05,0.00017119756,-3.3151368e-06,-7.801123e-06,5.698581e-05,-0.00010128528,-5.0923743e-05,-2.492152e-05,-5.027088e-05,-0.00010760436,1.6426262e-05,1.8669367e-06,-2.9732071e-05,-7.935996e-06,-1.471727e-05,-8.663667e-06,2.4149485e-05,-2.9663636e-06,9.768885e-06,1.8548179e-05,-1.6094078e-05,-1.1515018e-05,7.934845e-05,-1.985803e-05,-3.0580395e-05,5.4653538e-05,2.435536e-05,1.2058061e-06,1.8668916e-05,9.7990465e-05,1.1367417e-05,3.2066462e-06,0.00037409144,0.0003521111,4.8904818e-05,5.7614787e-05,0.000104650426,6.59228e-05,0.00010983932,8.250953e-06,0.00011126995,0.00017264481,-9.053703e-06,-1.3919363e-05,2.6630069e-05,-1.5007951e-05,-1.0048072e-05,-6.019114e-06,-1.1092113e-06,0.0009798445,-1.1514298e-05,-2.5800296e-05,-1.3210469e-05,-0.00048486667,-2.9433382e-05,-1.900422e-05,-0.00012265693,0.00016721523,-5.830681e-05,-5.7795958e-05,-0.00014107271,-0.0010227297,0.00014253239,-0.00013064478,-0.0030342916,-0.0006300272
BT*BT,-0.581732248883384,0.042682845,2.6857515107514248e-42,-0.0017863337,-0.00010289961,-0.00022050145,-0.00027431548,-0.0003092165,5.797725e-06,-4.892736e-05,-3.3151368e-06,0.0018218254,0.00080815516,0.00095641694,0.00017966192,0.00076098996,-0.0034115098,-0.0019164302,-0.0005932883,-0.00013127187,8.2480685e-05,-0.00031366825,3.4865712e-05,-0.0004924549,-6.786091e-05,0.00011687613,0.0001416449,0.00027346643,-0.00045720735,0.00043554255,-0.00010034438,-0.00057973125,-0.00019328597,0.00021149933,-2.5713365e-05,0.00013491431,-0.00032180466,0.00030975844,0.0011193869,2.2660472e-05,1.2278602e-05,-2.6525002e-05,0.0007553905,0.00028124687,-0.00039276257,0.00023077305,-0.00034489445,0.0003458004,7.8062885e-06,0.00013203082,-6.592603e-05,-5.487764e-05,2.823847e-06,-0.00010204077,2.5930904e-06,1.3879951e-05,-1.0625978e-05,-1.3281241e-05,9.407182e-05,1.840055e-05,-0.00046330405,6.107768e-06,0.0010035881,-0.00013430572,-0.0006195059,0.0020580806,0.00044448118,-0.00052283815,-2.9348274e-05,1.9833715e-06,0.0012332036,0.00025990533,9.260031e-06,-0.0036359811,1.2392146e-05
BT*BV,0.007964619443658248,0.06914337,0.9082945857770021,-0.0010771587,3.565659e-05,0.00011296206,-1.3906805e-05,-1.423856e-05,-1.1691318e-05,1.5804146e-05,-7.801123e-06,0.00080815516,0.004780805,0.00028333967,-0.0012508942,-5.134271e-05,-0.0011063277,-0.00023377547,-0.0020509788,0.0006632953,-1.0878016e-05,-3.9258182e-05,-0.0001021599,2.0535826e-05,-0.00010640481,-3.4150253e-05,-1.644042e-05,-0.00014530974,0.00033538885,-0.00024490693,0.00016229728,-7.0569484e-05,-0.00037036286,0.00014576344,1.6574797e-05,-7.23836e-05,7.6310636e-05,-1.4784215e-05,2.4995588e-05,1.4905108e-05,6.4250085e-06,-0.00025506856,3.8336308e-05,-8.0499114e-05,0.00030735755,-4.8829712e-05,0.0006146282,-1.38806845e-05,7.755107e-06,0.0002195499,4.757187e-06,-3.4090157e-05,-2.1158578e-05,0.0003067195,-1.6299882e-05,-4.774263e-06,2.1394864e-05,6.9572407e-06,-0.00035200306,-8.646892e-06,3.721144e-05,1.2650185e-05,-0.0012916526,3.4949426e-05,6.8945716e-05,-0.0003559142,0.00034945147,0.000113486196,1.4535827e-05,-1.710339e-05,0.0003498747,2.1213327e-05,-2.1803435e-05,0.0022467927,2.9198609e-05
BT*CD,-0.318785130381535,0.09737499,0.0010611598122563732,-0.0020726188,-0.000116748764,0.00012165961,-0.00019546207,-0.00023693165,7.620652e-06,-6.2373125e-05,5.698581e-05,0.00095641694,0.00028333967,0.009481888,0.0009311095,-0.000960968,0.0028093418,-0.008211496,-0.0024194766,-0.0007852358,7.735459e-05,0.0011473519,4.1946687e-06,-0.00088045705,-6.688133e-05,7.138878e-05,-0.00016253792,0.0004520374,-0.00015808843,0.0003911594,0.0011285745,0.00075380754,-0.005202885,-0.0009849028,-0.0006604193,-0.00061581325,-0.00043514036,0.0021050936,0.00083514303,-7.611072e-05,-2.2508939e-05,-0.0015245896,0.0010974978,-4.9268215e-06,-0.00060568756,0.0024192152,-0.0023181099,0.00021225274,-3.55834e-05,0.00059673836,2.8484563e-05,3.837541e-05,0.00011926518,-0.001623582,0.00014710132,0.00013142652,-3.614459e-05,8.7463144e-05,0.0029637022,0.00021294331,1.3746222e-05,-1.0749968e-05,0.0010866291,-9.189671e-06,-0.00010906272,0.0004688906,-0.0030258852,0.00042948258,-3.612483e-05,0.00017270686,-0.0025460026,0.00022476763,9.650671e-05,-0.03596269,-0.00019671723
BT*CH,0.09448046100365913,0.28351295,0.7389461896053278,-0.0008959211,-4.7972203e-06,-0.00038931586,-0.0003558329,-0.00029171855,1.489865e-05,8.40519e-05,-0.00010128528,0.00017966192,-0.0012508942,0.0009311095,0.08037959,-0.005873734,-0.006733344,-0.0092030605,-0.025106799,0.0006258697,-5.2189516e-05,2.2291071e-05,0.0010113812,0.0012820126,0.0002937979,0.0003892177,0.00088711944,0.00062062714,0.0017220802,0.00028390432,0.0027125343,-0.00042059622,-0.002669416,0.0026561462,0.0005898249,0.0022014522,-0.00010708193,-0.0016367418,0.0013731259,0.00010064442,5.0372157e-05,-0.0128086135,0.0010565483,9.488653e-05,0.0005433689,-0.0007107682,0.008886484,0.00010654479,0.00016015588,0.004473718,-0.0001448983,-0.00019957153,-0.00033249284,-0.0009792492,-0.00036240317,-0.00020824396,2.5402645e-05,-0.00014708056,-0.0058912076,-0.00018755364,-0.0006226107,-6.101505e-05,0.007300728,-0.000555435,-0.00064251234,0.0015960257,0.0059465757,0.00022224023,2.5004985e-05,-0.00023370377,0.007421611,0.00049086683,-0.00020625973,0.06865471,0.00028860962
BT*BU,-0.1235556986855775,0.12111554,0.3076585890714103,-0.0013407669,-1.8380862e-05,-0.00016942956,-0.00015894716,7.701442e-05,-1.0904781e-05,6.568387e-08,-5.0923743e-05,0.00076098996,-5.134271e-05,-0.000960968,-0.005873734,0.014668974,-0.004872207,-0.0063592177,-0.015766803,0.00019269022,-3.486072e-05,-0.0003702502,0.00035250443,0.0011833766,0.00024125873,0.00017971029,0.00047683012,5.4028485e-05,8.769278e-05,-4.024118e-05,-0.00018229222,0.0019927646,0.0009858243,0.0018488495,0.00061265065,0.00024971404,-4.9060265e-05,-0.0006434402,0.0005890733,0.0001283628,4.017488e-05,0.009967772,-0.00020446822,0.0013755774,7.3983924e-06,-0.0009080709,-8.4940344e-05,1.12182925e-05,-3.5975198e-05,-0.0013509489,-7.5821044e-05,-8.637637e-05,-8.165355e-05,0.00019344679,-9.3553856e-05,-8.028284e-05,3.2516433e-05,-4.6840818e-05,-0.0020328162,-0.0001304361,-0.00035486298,-7.92297e-05,-2.8217322e-05,-0.00016604117,-0.0005056549,0.001549604,0.0014829224,0.00029321952,7.033068e-07,-5.664239e-05,0.0032742808,-0.00011474687,-5.3637727e-05,0.020591287,0.00017645866
BT*CS,0.917606510123747,0.33724263,0.006510268363270753,0.0018105764,0.00011600022,0.0006281971,0.00028359538,0.00039988724,-0.00022047295,8.1853934e-05,-2.492152e-05,-0.0034115098,-0.0011063277,0.0028093418,-0.006733344,-0.004872207,0.11373259,-0.006253366,-0.015115712,0.00020038009,-0.00015588966,0.00060617324,0.00027544744,0.0016381216,0.00052152015,0.0002942548,0.0003166004,-0.000118557626,0.0011014832,-0.0021169102,0.0001401414,0.00456779,0.0074574556,0.00253957,0.0007568027,-0.00016388654,0.0005316011,-0.0007850074,-0.001252266,6.7127185e-05,2.2536567e-05,0.010416508,-0.0013755829,-0.00020330788,0.0007295061,-0.0007218172,0.0039578048,-0.00056553,0.00025997407,0.0041619423,5.9039885e-05,-0.000107576394,0.000118062046,-0.0005137442,-1.3232021e-06,-6.287182e-05,0.00037036705,-0.0002848408,0.00057836494,0.00037270575,0.00093095086,-0.00017312764,-0.003049006,0.00028015013,0.0018432123,-0.0044330684,0.0005454678,0.0011564394,6.0770555e-05,-4.3819393e-05,0.0015073954,-0.00017461057,7.22224e-05,0.021087565,4.8085953e-05
BT*CA,-0.09872071079650857,0.390748,0.8005421892845548,0.0019689978,5.4515374e-05,-0.00010787855,2.0455307e-05,-0.00019266178,2.2791673e-05,5.7870046e-05,-5.027088e-05,-0.0019164302,-0.00023377547,-0.008211496,-0.0092030605,-0.0063592177,-0.006253366,0.152684,0.007614745,0.00090111466,-0.00011729696,0.00040764696,0.00012516673,0.0009945938,0.0001810477,0.00031510676,0.00059521967,0.00021980244,0.00095222425,-0.0007044014,-9.210766e-06,0.0035215134,0.0039175977,0.0075893076,0.00051416364,0.00037199573,0.0003135622,-0.0016930581,-0.00015748887,0.00013937376,3.7827922e-05,0.012799076,-0.00059984956,0.0008049611,0.0003409469,-0.00021140926,0.002210778,2.5366217e-05,0.00014421078,0.011967766,-0.00015278516,-0.00017174786,-0.00018159588,-0.0009441716,-0.000167843,-0.00019211417,1.6576942e-08,-0.0002271707,-0.0027893623,0.00018774939,4.6485093e-05,0.00023281749,-0.0071923174,-0.00045161595,0.00016596967,-0.00013942896,0.004475778,-0.0023468174,2.8976396e-05,-0.00023269604,0.0041490574,0.00041180712,-5.479902e-05,0.045566097,0.00014107655
BT*DP,-0.2576964554982201,0.6429551,0.6885673311906668,0.00073978206,-0.00015330494,-0.00037597446,-0.0010024227,-0.00086080946,-2.5798498e-05,-8.884916e-05,-0.00010760436,-0.0005932883,-0.0020509788,-0.0024194766,-0.025106799,-0.015766803,-0.015115712,0.007614745,0.41339132,0.0026702506,2.5185016e-05,-0.0008014287,0.0015358429,0.0032929112,0.00093083,0.0009707937,0.0020887353,-0.00021835708,0.001314607,0.00093440135,-0.00045892884,0.002452587,-0.0065826736,-0.002803635,0.0032727905,0.0018453428,-0.00058712845,0.00018623385,0.0038109662,0.00034797812,0.00019369948,0.009704284,0.0033376187,0.00073682435,0.0016239466,0.00030354646,0.013627523,0.0007250252,0.00033863544,-0.0060592033,0.00016010905,0.0002687122,-0.00019995667,0.0029917525,-3.670137e-05,8.326936e-05,2.6096966e-05,0.00021900662,-0.0022566703,-0.0007677146,-0.001060771,-0.0008804268,0.02577044,0.00037279737,-0.001131647,0.0035968402,0.0058946307,0.019416,-0.00011677727,3.5005865e-05,0.009000492,0.000778457,4.8812853e-05,0.03628749,0.0002914666
BV*BT,-0.6065609643539318,0.08445795,6.879434764601325e-13,0.00045627987,-0.0012623596,0.0005478147,9.271008e-05,0.00018252699,-1.4895953e-05,8.6337815e-05,1.6426262e-05,-0.00013127187,0.0006632953,-0.0007852358,0.0006258697,0.00019269022,0.00020038009,0.00090111466,0.0026702506,0.0071331454,0.00094830565,8.383372e-05,-0.00087887037,-0.0016260332,-0.0007793967,-0.00041278094,-3.107098e-05,0.00012380083,-0.0002718395,-0.0012039173,0.0004908244,-0.00039283535,-0.0012832532,-0.0012477763,-0.00033359922,-5.2232408e-05,0.000322031,7.6208686e-05,-0.00035959555,-4.5529647e-05,-1.1695942e-05,-0.0066774962,-6.76253e-05,0.0003310685,-0.0002823682,-0.0004332234,0.00073547394,-0.00021716022,-5.1628076e-06,-0.0008848308,6.7591674e-05,0.000100076635,-0.00013968651,0.0005106199,7.142436e-05,6.883876e-05,1.19686265e-05,0.00013233916,0.0013443386,-0.0004328696,0.0015364273,9.779487e-05,-0.009193553,0.00055334816,0.0012208878,-0.0044035604,0.0018371489,0.0007889309,1.955777e-05,-6.485623e-05,-0.0010496381,-0.00020341808,6.221687e-05,0.0007765686,-1.2336614e-05
BV*BV,-1.0022182401801158,0.04349482,1.759397831500786e-117,-9.691668e-05,-0.0016167755,-6.493086e-05,-5.6197377e-06,-5.9435468e-05,-1.3258765e-05,8.976522e-05,1.8669367e-06,8.2480685e-05,-1.0878016e-05,7.735459e-05,-5.2189516e-05,-3.486072e-05,-0.00015588966,-0.00011729696,2.5185016e-05,0.00094830565,0.0018917994,0.0013565477,-9.769326e-05,0.00035917747,-0.00018558133,-0.0004625566,-0.00034354112,5.682217e-05,2.3790572e-05,0.00012873826,3.8487087e-05,-0.000111279325,0.00015541773,-3.408722e-05,2.9908213e-05,5.8541977e-05,0.000117973206,-1.2240958e-05,-1.3524702e-07,2.3360057e-05,3.839736e-06,-0.00074445846,0.00019992994,1.2173207e-05,-8.8402434e-05,-2.7754111e-05,-0.00018747727,6.9773225e-05,-3.2602582e-06,0.0004485062,-9.329988e-06,-2.1676124e-05,-4.685282e-05,-1.5368274e-05,-1.9780135e-05,-1.5687281e-05,2.664805e-05,1.9464997e-05,-0.0003341566,5.4856246e-05,0.0010803471,2.0241192e-05,-0.0009681844,0.0004148671,0.0012392016,-0.0041605374,-0.00061857555,3.080654e-05,5.4352568e-06,-1.8230328e-05,-0.00016769783,4.2032585e-05,-3.389327e-05,0.0017207004,-5.0233875e-06
BV*CD,-0.9194298735739516,0.1250435,1.9398050699206748e-13,0.00026379377,-0.0021254262,7.2439434e-05,0.00020619639,2.3215329e-05,-2.4673483e-05,0.00025375464,-2.9732071e-05,-0.00031366825,-3.9258182e-05,0.0011473519,2.2291071e-05,-0.0003702502,0.00060617324,0.00040764696,-0.0008014287,8.383372e-05,0.0013565477,0.015635878,0.00021853524,-0.0021108168,0.0010281513,-0.00041661118,-0.0031322252,-0.0006904384,0.0076782713,0.0014120061,3.120415e-05,0.001219801,-0.0016237271,0.0048638997,2.6155287e-05,-0.00021964512,0.0009560059,0.001744357,-0.0010115096,4.5415145e-05,1.2019294e-05,-0.0069826376,0.0018442709,-0.0003543383,-0.00011691881,0.002117791,0.0008701509,-9.960363e-05,2.1655533e-05,0.0037391004,9.9678145e-05,1.4114032e-05,-0.00024773087,0.0007559098,2.4256398e-05,1.1180659e-05,3.592324e-05,-9.550775e-06,2.9643038e-06,0.00014083197,0.0026557897,-0.00078692165,-0.003673901,0.00026923371,0.0028605722,-0.008990665,-0.0059770783,3.398027e-05,0.00015128606,0.00017395872,-0.0023822756,4.5767625e-05,2.7018767e-05,0.035066977,6.7602577e-06
BV*CH,-0.1978567645497902,0.19591303,0.3125329457908297,-9.255906e-05,-0.00082369155,-0.00017420085,0.00043508218,6.4783667e-06,-7.4628256e-06,5.4670218e-05,-7.935996e-06,3.4865712e-05,-0.0001021599,4.1946687e-06,0.0010113812,0.00035250443,0.00027544744,0.00012516673,0.0015358429,-0.00087887037,-9.769326e-05,0.00021853524,0.038381916,-0.00052115606,0.00030352248,0.000606556,-7.684847e-05,3.564516e-05,-0.0009738671,0.00038286878,0.00048153446,0.0003841239,0.0004305188,0.0007440385,0.00025304456,-0.000119099,-0.002832642,-0.0005039199,-0.0019162885,-3.4327697e-06,2.9356331e-06,0.0015243404,-0.000853138,7.165307e-05,-0.00019485324,6.847454e-05,0.0007115873,-4.0523722e-05,2.4858238e-05,0.000539174,4.5810666e-06,2.4101222e-05,-0.00023645307,6.008979e-05,3.5868736e-05,2.8138105e-05,5.980994e-06,2.1599684e-05,0.00050881685,0.00018987241,0.0008959,7.0610313e-06,-0.008941323,2.6719643e-05,0.00020970576,-0.00082739955,-0.00097264023,6.427361e-05,9.194731e-05,3.640439e-05,-0.0020752994,5.1135983e-05,5.640116e-05,0.011673904,-1.8343073e-06
BV*BU,-0.3182381548993527,0.15392722,0.03869096369640205,0.00048195376,-0.0010744781,0.0006215381,-4.8511887e-05,0.0001425119,-3.8064702e-06,6.454993e-05,-1.471727e-05,-0.0004924549,2.0535826e-05,-0.00088045705,0.0012820126,0.0011833766,0.0016381216,0.0009945938,0.0032929112,-0.0016260332,0.00035917747,-0.0021108168,-0.00052115606,0.02369359,-0.00030933137,-0.00019131569,-0.0023193718,-0.0008120089,-0.001256925,-0.0015094692,0.0012332025,0.0038407543,-0.0014501094,0.002602368,0.0009605656,-0.0001305593,0.00014782687,0.00082781404,0.00020830441,-4.1516112e-05,-1.1848169e-05,-0.00441028,0.00091131043,-0.00019547857,0.0036096426,3.227206e-05,-0.00063921884,-2.9600078e-05,-3.173005e-05,0.00094363716,2.4225381e-05,0.00011722901,-0.00015781345,0.00021282888,0.00011879388,0.000106953965,-1.5340673e-05,9.545675e-05,0.0020706356,0.0001108522,0.0003438884,-0.00015328004,-0.006290056,-0.00082145224,-0.00048139764,0.0009232842,-0.0048947763,-7.8350946e-05,4.3872406e-05,-1.2496811e-05,-0.000615599,-0.00027883222,0.00015814119,0.008167185,8.234947e-05
BV*CS,0.05113177194555165,0.24860457,0.8370447005982851,4.2037263e-05,-0.0004846225,8.8877336e-05,-3.420069e-05,4.448213e-05,-1.7354721e-05,5.0064027e-06,-8.663667e-06,-6.786091e-05,-0.00010640481,-6.688133e-05,0.0002937979,0.00024125873,0.00052152015,0.0001810477,0.00093083,-0.0007793967,-0.00018558133,0.0010281513,0.00030352248,-0.00030933137,0.06180423,0.00046000606,0.00021484614,-0.00012132804,0.00018055712,-0.00021842163,-0.00014252662,0.0002995038,-7.838699e-05,-9.189406e-05,0.00014345968,8.719519e-05,0.00011549537,-3.1949952e-05,0.00014395194,4.6276105e-06,1.5694527e-06,-0.0012840214,-0.00015066593,1.1191095e-05,-8.781294e-05,1.1185839e-05,0.00084664323,-6.923468e-05,7.378175e-06,0.000117796924,6.987167e-06,-1.8307563e-05,0.0023436747,0.0001580359,-2.3195294e-05,-2.2772043e-05,3.7901344e-05,2.1338532e-05,-0.00043585006,-5.752606e-05,0.00013637799,8.853946e-05,-0.0040349774,-0.00032269294,-0.0007367687,0.0016671326,-0.0008897173,0.00012436253,5.2553216e-05,1.765969e-06,0.0007827652,-1.2335217e-05,-1.3705366e-05,0.002567986,2.1066362e-05
BV*CA,0.11249086511633903,0.22178979,0.6120173972597072,-0.00017003642,-0.00030374044,4.187281e-05,-0.00020625614,-0.00012253191,-5.3366926e-05,0.00041468648,2.4149485e-05,0.00011687613,-3.4150253e-05,7.138878e-05,0.0003892177,0.00017971029,0.0002942548,0.00031510676,0.0009707937,-0.00041278094,-0.0004625566,-0.00041661118,0.000606556,-0.00019131569,0.00046000606,0.049190715,0.00011295303,-5.4707372e-05,-0.00079956255,-0.00022127845,7.098245e-05,0.0011745784,4.9943348e-05,-0.00023393336,0.00017481881,-7.819292e-06,-6.0823208e-05,0.00031524274,0.0008406859,1.9417253e-05,-1.1132946e-06,0.0018084109,0.0012136162,-0.00015280364,-0.000118187316,0.00044834637,1.9398089e-05,0.00012423174,-7.384294e-06,0.0032612346,2.6584468e-05,8.099473e-06,-0.00013108764,0.00018717663,1.8234634e-05,1.8236531e-05,9.128098e-05,0.0002504551,0.0004939295,0.00013006898,-0.0026854922,0.000117126976,-0.0016624158,0.0021336465,0.0068684346,-0.02316941,-0.0005585631,8.5041465e-05,-7.2469957e-06,-6.7753994e-05,0.00029616273,7.332329e-05,-1.8092098e-05,0.0034117568,-6.140503e-05
BV*DP,0.1784895732637035,0.25892252,0.490599793955536,-0.00020457443,-0.00033559973,0.00012286556,-0.00019551927,-9.422196e-05,-2.0204216e-05,0.00019481986,-2.9663636e-06,0.0001416449,-1.644042e-05,-0.00016253792,0.00088711944,0.00047683012,0.0003166004,0.00059521967,0.0020887353,-3.107098e-05,-0.00034354112,-0.0031322252,-7.684847e-05,-0.0023193718,0.00021484614,0.00011295303,0.06704087,-0.00050705246,-0.0018592885,-0.00032253232,0.001444169,0.0032162166,-0.00055341015,0.0033336824,0.0013300038,-3.0113384e-05,3.6700534e-05,0.0010924267,0.00074337306,1.298908e-05,5.9247558e-08,-0.0030096767,0.0017761984,-0.00018272371,-0.00035707984,0.0009054175,0.0009045328,8.430931e-05,2.1035938e-05,0.0025912188,7.958509e-05,5.459805e-05,-0.00011135636,0.00025485075,7.6853066e-05,6.887463e-05,1.9682679e-05,8.0480975e-05,0.0012440392,0.00034339345,0.00090499735,-0.0003116389,-0.005270231,-0.00036667188,0.0006405557,-0.0029075108,-0.008391274,-0.00019600736,-0.00061638234,6.3346655e-05,7.301016e-05,0.000118912765,0.00010118948,0.022930626,-0.00010185887
CD*BT,-0.21935897082094746,0.07796482,0.004899570998682958,-0.00018218569,-2.1406495e-05,-0.0029890505,-0.00034268422,-3.249638e-05,-1.8819579e-05,-9.872499e-05,9.768885e-06,0.00027346643,-0.00014530974,0.0004520374,0.00062062714,5.4028485e-05,-0.000118557626,0.00021980244,-0.00021835708,0.00012380083,5.682217e-05,-0.0006904384,3.564516e-05,-0.0008120089,-0.00012132804,-5.4707372e-05,-0.00050705246,0.006078513,0.0009518104,0.004848734,-0.003661248,-0.0077233305,-0.0032723825,-0.013664194,0.0011533491,0.00052814686,-0.0004407683,-0.00090753665,0.001379555,-4.196189e-05,-2.0153919e-05,0.015147029,-0.00015611268,0.0002968498,-0.00039004555,-0.00067870144,-0.00061007484,4.049591e-05,-4.5190285e-05,0.0011646439,3.348358e-05,8.718529e-05,2.7194867e-05,-0.00158013,4.979766e-05,5.3397165e-05,1.7965787e-05,7.3261326e-05,0.00042855556,0.00013664136,-0.0009966582,5.0209128e-05,0.006560417,-0.00062871777,-0.0013836718,0.0043089655,-0.004229126,0.00039523255,-7.151041e-05,-4.773409e-05,0.0008953287,-9.967423e-05,-3.2521282e-05,-0.029242126,5.8334314e-05
CD*BV,0.25975009338276767,0.17642477,0.14094003289141963,0.00048420636,0.00017563604,-0.0024696835,0.0003657888,-8.459464e-05,-3.2266285e-05,0.00019875764,1.8548179e-05,-0.00045720735,0.00033538885,-0.00015808843,0.0017220802,8.769278e-05,0.0011014832,0.00095222425,0.001314607,-0.0002718395,2.3790572e-05,0.0076782713,-0.0009738671,-0.001256925,0.00018055712,-0.00079956255,-0.0018592885,0.0009518104,0.031125702,0.0006657554,-0.0034171054,-0.0025456839,0.0027872513,-0.00047532015,-0.00044422486,-0.00054616155,0.0011926416,-0.0005705633,-0.0018228339,-1.8452149e-05,-6.68606e-06,0.011063344,0.001545094,4.693039e-06,0.0008283878,0.00092890946,0.0003400982,-2.281743e-05,2.7916156e-05,0.0025588574,6.553179e-05,9.275651e-05,0.00018912055,-0.0028878557,0.00013373375,7.950206e-05,3.166684e-05,6.940633e-05,0.0020759776,-0.00018829164,0.0009789899,-0.00034186072,-0.001688374,0.00012093425,0.0016065956,-0.005469196,0.00093599776,-0.00013026755,0.0001614943,0.00034142376,-0.0029351073,0.00034823822,0.00014474094,0.04339379,-0.00026678134
CD*CD,-1.4394525611503135,0.17520934,2.1107914188108173e-16,-0.00062553596,-5.3566873e-05,-0.012195898,-0.0012759916,0.00017079788,-6.697408e-05,-0.00028026145,-1.6094078e-05,0.00043554255,-0.00024490693,0.0003911594,0.00028390432,-4.024118e-05,-0.0021169102,-0.0007044014,0.00093440135,-0.0012039173,0.00012873826,0.0014120061,0.00038286878,-0.0015094692,-0.00021842163,-0.00022127845,-0.00032253232,0.004848734,0.0006657554,0.030698316,-0.00232115,-0.01428439,0.033257812,-0.0084329555,-0.0037380757,-0.000102275815,-0.0016078432,-0.0003155862,0.005253675,-1.1949479e-05,-5.2650088e-05,0.040652983,0.0043652784,0.00011550142,-0.0016779861,-0.000950231,-0.0021830774,-1.5789552e-05,-0.00011590147,0.0018665764,0.00010747377,-0.0003561634,-6.2842474e-07,-0.0023450532,-1.1215566e-05,-0.00019240635,0.00014270756,-0.00027452593,0.00016164356,-0.00076847017,-0.0034368834,0.00013205918,0.02405415,-0.0021366524,-0.004926975,0.015090225,0.00055983145,-0.00027507838,-0.00027871673,-0.00022980639,0.0029921485,-0.0007372151,-0.00011908914,-0.022166304,0.00035664215
CD*CH,0.07167481113130629,0.5088589,0.8879852871913216,1.1062666e-05,-0.00020024757,-0.0006759528,-0.0001035359,0.00012300962,-3.868065e-05,-3.520785e-05,-1.1515018e-05,-0.00010034438,0.00016229728,0.0011285745,0.0027125343,-0.00018229222,0.0001401414,-9.210766e-06,-0.00045892884,0.0004908244,3.8487087e-05,3.120415e-05,0.00048153446,0.0012332025,-0.00014252662,7.098245e-05,0.001444169,-0.003661248,-0.0034171054,-0.00232115,0.2589374,-0.0048841676,0.0032047655,-0.016287608,-4.068463e-05,0.0006299583,-7.3841356e-06,0.01121614,0.00065436325,-3.567705e-05,1.6938477e-05,-0.03738736,-0.001350676,0.00015243258,0.00044032818,-0.00016741325,0.0012226056,-0.00019849853,-4.3617103e-05,-0.00024409738,-2.5978468e-05,-0.00013355356,-0.00010957323,0.0008415539,-5.0499264e-05,-0.00015296155,9.041638e-05,2.3481487e-05,-0.0022185436,-0.0006133132,-0.0010544468,0.00045216296,0.019937783,-0.0011232416,-0.0023634937,0.005745029,0.0003060957,0.00018601128,6.487019e-05,-3.548935e-05,0.003853492,4.4902445e-05,-9.8864366e-05,-0.0032512988,-2.4856358e-06
CD*BU,0.9250034796322716,0.29940262,0.0020049579934001273,0.00034329493,-0.00021896044,0.0028486864,0.0006876646,-0.00076958386,8.111741e-06,0.000137702,7.934845e-05,-0.00057973125,-7.0569484e-05,0.00075380754,-0.00042059622,0.0019927646,0.00456779,0.0035215134,0.002452587,-0.00039283535,-0.000111279325,0.001219801,0.0003841239,0.0038407543,0.0002995038,0.0011745784,0.0032162166,-0.0077233305,-0.0025456839,-0.01428439,-0.0048841676,0.089641936,-0.04330167,-0.04031242,-0.003213165,-0.0016832551,0.0012209036,-0.0008207721,-0.0031149408,0.00016334456,-2.2844075e-05,0.065321654,-0.0001981391,-0.0008005097,0.00082435337,0.007745886,0.0003586224,0.00091003603,0.00010546607,-0.007823901,-0.00027252975,0.000632948,-5.2223564e-05,-0.0021156454,0.00013522677,0.0004094137,-9.0005524e-05,0.0004432533,0.0011402929,0.0003321765,0.0022654028,0.00019505504,-0.012285269,0.0025130345,0.0033275932,-0.009342073,0.011921277,0.0002925392,0.0002443198,0.000303243,-0.0022279772,0.0011740844,9.2003174e-05,0.052688457,-0.0006489995
CD*CS,0.282376202268253,0.8287652,0.7333149997231951,6.638803e-05,6.27884e-06,-0.016034182,-0.000254716,-0.0005908276,0.00010450453,-0.00015551869,-1.985803e-05,-0.00019328597,-0.00037036286,-0.005202885,-0.002669416,0.0009858243,0.0074574556,0.0039175977,-0.0065826736,-0.0012832532,0.00015541773,-0.0016237271,0.0004305188,-0.0014501094,-7.838699e-05,4.9943348e-05,-0.00055341015,-0.0032723825,0.0027872513,0.033257812,0.0032047655,-0.04330167,0.6868518,-0.027982002,0.0026324794,0.000114901995,-0.00062302063,-0.00806852,0.0011306978,-3.851421e-05,0.00011272346,0.033432756,0.0016779405,-0.00045803154,-0.00023723645,-0.0030222684,0.0046794894,0.0005521757,3.983412e-05,0.0046420693,-4.3412467e-05,0.00034808455,-0.00024870198,0.03941071,-0.0001847998,0.0001420671,-0.0001856261,-7.1592553e-06,-0.004088326,-0.00063216535,-0.0012782475,-0.0010768706,0.0064413124,-0.00062371243,-0.00017679631,0.0039452044,-0.0011053375,-0.00088099693,-0.00021231205,-0.00015868428,-6.752685e-05,0.00038740368,-0.0002805877,0.002670378,0.00017760531
CD*CA,0.10803417680141308,0.7678681,0.888111950579473,-0.00049887283,-0.00029200886,0.0047774822,-0.00023597582,0.00016399326,-1.9305435e-05,-0.00015427485,-3.0580395e-05,0.00021149933,0.00014576344,-0.0009849028,0.0026561462,0.0018488495,0.00253957,0.0075893076,-0.002803635,-0.0012477763,-3.408722e-05,0.0048638997,0.0007440385,0.002602368,-9.189406e-05,-0.00023393336,0.0033336824,-0.013664194,-0.00047532015,-0.0084329555,-0.016287608,-0.04031242,-0.027982002,0.5896214,-0.0050965855,-0.00083667506,-0.00041540965,0.0018287407,0.001059396,-0.00014723936,-5.861197e-05,0.071497545,0.00078557426,-4.157404e-05,0.000960626,-0.0018315911,0.0012092859,-0.00047316216,-9.4118e-05,0.014896353,4.0452596e-05,8.656559e-05,-7.539354e-05,0.0040346147,5.5110475e-05,2.4729843e-05,2.3344102e-05,0.00020610089,-0.00082244904,-0.00031931553,-0.0019147057,0.0012917004,0.013637533,-0.0017526051,-0.004836108,0.0134973675,0.017306084,-0.0027544086,-5.0257513e-06,-1.6743683e-05,0.0010915694,6.5065884e-05,-4.5273173e-05,0.06456299,0.000103998056
CD*DP,0.12800113550766493,0.3382191,0.705091686510656,1.5120607e-05,-0.00015571782,-0.00012347002,-2.6729276e-05,-8.3746156e-05,-8.897878e-06,6.1793435e-05,5.4653538e-05,-2.5713365e-05,1.6574797e-05,-0.0006604193,0.0005898249,0.00061265065,0.0007568027,0.00051416364,0.0032727905,-0.00033359922,2.9908213e-05,2.6155287e-05,0.00025304456,0.0009605656,0.00014345968,0.00017481881,0.0013300038,0.0011533491,-0.00044422486,-0.0037380757,-4.068463e-05,-0.003213165,0.0026324794,-0.0050965855,0.11439217,-0.0009783459,0.00012450051,-0.00083466247,4.071828e-05,-5.534415e-05,-3.404936e-05,0.03275919,0.002504481,0.00027281255,0.00014410066,-0.0005593398,-0.00090408704,6.798818e-05,-1.1056379e-05,0.0004048106,5.7420475e-05,7.901946e-05,9.898848e-06,-0.0015254947,5.889752e-05,6.405039e-05,1.5227688e-06,7.6107965e-05,0.0012350449,-0.00033481763,0.0006342101,0.0002843522,0.0017717405,0.00035521673,0.0005952441,-0.0020852166,0.009586316,0.00017159543,4.482734e-06,0.00018898264,-0.001972197,0.0001411682,1.0541189e-05,0.031623293,-0.00026048813
CH*BT,-0.23403103634175265,0.05792082,5.3329672821466696e-05,-3.8122314e-05,-6.280789e-05,7.9246995e-05,-0.00096421345,8.838922e-05,-1.429377e-05,-2.7989548e-05,2.435536e-05,0.00013491431,-7.23836e-05,-0.00061581325,0.0022014522,0.00024971404,-0.00016388654,0.00037199573,0.0018453428,-5.2232408e-05,5.8541977e-05,-0.00021964512,-0.000119099,-0.0001305593,8.719519e-05,-7.819292e-06,-3.0113384e-05,0.00052814686,-0.00054616155,-0.000102275815,0.0006299583,-0.0016832551,0.000114901995,-0.00083667506,-0.0009783459,0.0033548214,-0.0002557837,0.0023815667,0.003348276,9.00156e-05,4.5498276e-05,-0.0591396,0.0035747036,0.00019730846,-8.2636514e-05,-0.0003123987,-6.635984e-05,-9.176258e-05,-1.223375e-05,-0.00079362385,3.5052297e-05,6.966499e-05,5.5732657e-05,0.00013166646,7.005591e-05,6.961801e-05,6.8592353e-06,1.9101173e-05,0.0016674416,3.5822883e-05,-0.00028390967,1.782322e-05,1.478883e-05,-4.1427487e-05,-0.00027455375,0.0011192573,0.0037509752,-0.0009086272,4.079283e-05,6.222208e-05,0.004900162,-3.743781e-05,7.886283e-05,0.013791794,-0.0001336402
CH*BV,0.2839131798822293,0.07143915,7.061736204023336e-05,0.00039519643,-0.0002726519,0.0007072989,0.00019917086,2.6886393e-05,1.7115937e-06,5.767167e-05,1.2058061e-06,-0.00032180466,7.6310636e-05,-0.00043514036,-0.00010708193,-4.9060265e-05,0.0005316011,0.0003135622,-0.00058712845,0.000322031,0.000117973206,0.0009560059,-0.002832642,0.00014782687,0.00011549537,-6.0823208e-05,3.6700534e-05,-0.0004407683,0.0011926416,-0.0016078432,-7.3841356e-06,0.0012209036,-0.00062302063,-0.00041540965,0.00012450051,-0.0002557837,0.0051035513,-0.00051021914,-0.002364451,1.068549e-05,0.00012676348,-0.00056049554,-0.00012708975,-9.593662e-05,-0.00012503467,0.00010061026,-0.0002946365,-9.174986e-07,-1.08446475e-05,0.00018808908,3.1206924e-05,4.0563595e-05,-2.5031037e-05,0.00021333098,1.06520965e-05,2.524871e-05,-7.435612e-06,6.18492e-05,0.0005017204,-9.92978e-06,0.0011375617,3.789723e-05,0.0021627655,0.00039386033,0.0011856308,-0.0039168196,-0.0012821854,-6.471979e-06,-7.570824e-05,-8.501225e-05,-0.0015455574,-0.00015658852,1.3115277e-05,-0.008873974,7.733829e-05
CH*CD,-0.8076415543446798,0.14114597,1.0525847614236116e-08,-0.00039644763,-4.7634832e-05,0.001892108,-0.002932368,0.00011984672,2.2048118e-05,-0.00025211368,1.8668916e-05,0.00030975844,-1.4784215e-05,0.0021050936,-0.0016367418,-0.0006434402,-0.0007850074,-0.0016930581,0.00018623385,7.6208686e-05,-1.2240958e-05,0.001744357,-0.0005039199,0.00082781404,-3.1949952e-05,0.00031524274,0.0010924267,-0.00090753665,-0.0005705633,-0.0003155862,0.01121614,-0.0008207721,-0.00806852,0.0018287407,-0.00083466247,0.0023815667,-0.00051021914,0.019922186,0.010698288,0.00082149974,0.00037950557,-0.12175752,0.0053060763,-6.598314e-05,0.0005767732,0.0011495556,0.0031292224,-0.00022528623,-4.060051e-06,-0.0008398958,2.7544078e-05,-0.00014449975,-0.00013540123,0.0023183466,-0.00017970089,-0.00014066031,-8.986971e-06,-0.00015212459,-0.0024481993,0.00026051738,-0.001804248,0.00020882019,-0.007833262,-0.0004562724,-0.0025640181,0.008599276,0.002562503,8.6635584e-05,6.794774e-05,-0.00014202518,0.021777038,7.11623e-05,-0.00012670978,-0.03264135,-0.00012397021
CH*CH,-1.6651575107039764,0.15897922,1.136641812646524e-25,-0.0013929238,-2.152272e-05,-0.0025453283,-0.005576507,6.555147e-05,-3.5387424e-05,-0.0004712252,9.7990465e-05,0.0011193869,2.4995588e-05,0.00083514303,0.0013731259,0.0005890733,-0.001252266,-0.00015748887,0.0038109662,-0.00035959555,-1.3524702e-07,-0.0010115096,-0.0019162885,0.00020830441,0.00014395194,0.0008406859,0.00074337306,0.001379555,-0.0018228339,0.005253675,0.00065436325,-0.0031149408,0.0011306978,0.001059396,4.071828e-05,0.003348276,-0.002364451,0.010698288,0.025274394,0.00079729053,6.157761e-06,-0.061053008,0.010645424,2.5250834e-05,0.0004369962,-0.00015700748,0.00258662,-0.00013948928,9.43683e-06,-0.0017805551,8.8380184e-05,-4.6391804e-05,6.191184e-05,-0.0018093301,9.788151e-05,3.4994377e-05,4.3055315e-05,-0.00020906302,0.0026993544,3.2898195e-05,-0.004367112,-0.00016933327,-0.001672382,-0.0015945113,-0.005328558,0.018521842,0.0030019572,-0.0013337181,0.00022009418,0.00022685807,0.03355912,0.00026462015,0.00010241548,-0.042103834,-0.0005521011
CH*BU,-0.047812306779433385,0.05166414,0.35473461460451017,-3.2546963e-05,-2.7920973e-05,-1.6452685e-06,-0.0003461167,4.0055154e-05,-3.427643e-06,-3.014468e-05,1.1367417e-05,2.2660472e-05,1.4905108e-05,-7.611072e-05,0.00010064442,0.0001283628,6.7127185e-05,0.00013937376,0.00034797812,-4.5529647e-05,2.3360057e-05,4.5415145e-05,-3.4327697e-06,-4.1516112e-05,4.6276105e-06,1.9417253e-05,1.298908e-05,-4.196189e-05,-1.8452149e-05,-1.1949479e-05,-3.567705e-05,0.00016334456,-3.851421e-05,-0.00014723936,-5.534415e-05,9.00156e-05,1.068549e-05,0.00082149974,0.00079729053,0.0026691833,6.2763494e-05,-0.013671748,0.00061640225,3.741664e-05,2.5429455e-05,-9.803246e-06,-0.0010858579,-5.356274e-05,4.7660683e-06,-0.00014501471,3.3599033e-05,1.487576e-05,1.4777264e-05,-8.1283026e-05,1.8259745e-05,1.9333189e-05,7.513686e-07,-2.5435713e-07,0.0006062819,1.7846414e-05,-9.346747e-05,6.952382e-06,0.00048386096,4.4861777e-06,-0.00010235405,0.0004982541,0.00031771552,-0.000262175,-2.7064727e-06,-2.7806718e-06,0.002106698,-4.5600227e-05,2.1349077e-05,-0.0063611674,-2.9774033e-05
