Param name,Param value,Param stdv,Param p-value,BT,BV,CD,CH,BU,CS,CA,DP,BT*BT,BT*BV,BT*CD,BT*CH,BT*BU,BT*CS,BT*CA,BT*DP,BV*BT,BV*BV,BV*CD,BV*CH,BV*BU,BV*CS,BV*CA,BV*DP,CD*BT,CD*BV,CD*CD,CD*CH,CD*BU,CD*CS,CD*CA,CD*DP,CH*BT,CH*BV,CH*CD,CH*CH,CH*BU,CH*CS,CH*CA,CH*DP,BU*BT,BU*BV,BU*CD,BU*CH,BU*BU,BU*CS,BU*CA,BU*DP,CS*BT,CS*BV,CS*CD,CS*CH,CS*BU,CS*CS,CS*CA,CS*DP,CA*BT,CA*BV,CA*CD,CA*CH,CA*BU,CA*CS,CA*CA,CA*DP,DP*BT,DP*BV,DP*CD,DP*CH,DP*BU,DP*CS,DP*CA,DP*DP
BT,0.807994473348542,0.05526999,2.123581090151527e-48,0.0030547718,2.4383062e-05,8.1203616e-05,0.00062271743,0.0005826458,-2.8386153e-06,-7.924403e-06,8.150759e-06,-0.002175074,-0.0015483155,-0.0018639149,-0.00078321574,-0.003382022,0.000911481,0.0031235586,0.0018020674,0.00022907845,-3.5790214e-05,0.0011484075,0.000269019,0.0008623888,0.00010663692,2.1371816e-06,-2.284652e-05,5.597336e-06,0.0016789781,-9.2048635e-05,0.00014293187,-5.086814e-05,2.3553299e-05,-0.0009771994,-0.0001822325,-0.00013535198,0.000846118,-0.00054009655,-0.0029477472,-5.676765e-05,6.1711016e-06,-0.00014583342,-0.0027095254,-0.000481372,0.0004444659,-0.00040510655,0.0007244329,-0.00047814564,-7.920056e-05,-0.0011864116,-0.00014540493,9.216994e-05,2.6728273e-07,0.00012043235,9.078711e-06,-5.636317e-05,-5.9684066e-06,0.000106314765,0.0005999163,1.1875714e-05,-1.0815952e-05,0.00014797738,-4.878703e-05,-7.764419e-05,-6.5105654e-05,0.00017502473,0.000572426,0.0006328331,3.8124646e-05,0.00041843377,-0.0010656992,-0.00042549596,1.9844192e-05,-0.0016018086,-1.4837337e-05
BV,0.9336284903123293,0.048398428,6.458163338477156e-83,2.4383062e-05,0.0023424078,-1.2246196e-06,-7.2409335e-07,0.0001273428,4.5976747e-05,-0.00011394749,-2.034543e-06,-2.4770106e-05,-5.4004737e-05,1.8207038e-05,2.4382854e-05,9.979994e-05,9.130523e-05,0.000107796026,4.5905792e-05,-0.0012612848,-0.002317578,-0.002619427,-0.0008178958,-0.0010296613,0.0001022992,0.0001239727,0.00070479163,-2.3888017e-05,-0.0013174864,3.3921027e-05,-0.00038079987,-6.4435066e-05,-3.6271755e-05,6.511658e-05,0.00028831186,-2.6369033e-05,-0.00023166479,-9.6492724e-05,6.3322805e-05,-3.4306737e-05,-6.279224e-06,-0.00036129882,-0.00027474598,-1.8533126e-05,0.00029610886,3.3035372e-05,0.0005643139,-0.00013620549,-9.696665e-06,-0.00020482969,-4.261962e-06,2.1723012e-05,0.00013106535,7.9897334e-05,4.6412817e-05,3.72614e-05,-0.00013809206,0.00013045919,-0.00015043782,4.434463e-06,-0.0011647515,0.00022870694,-0.001461681,-0.00022636264,-0.0010896106,0.0043407553,0.0015062928,-0.00010529916,-2.2274782e-05,0.00019677573,0.00015487101,-9.775978e-05,-1.702683e-06,-0.0007165889,1.7910568e-05
CD,0.6247043357815107,0.03172969,2.715418600834448e-86,8.1203616e-05,-1.2246196e-06,0.0010067732,0.0002516045,-2.4213034e-05,2.7846192e-05,8.863268e-06,3.5964717e-06,-4.8870923e-05,2.59634e-05,0.00018742168,-1.1851019e-05,-6.982926e-05,-2.4758678e-05,-0.00026369435,7.664657e-05,3.530867e-05,-4.4960843e-06,0.00054732134,6.56225e-05,5.8378515e-05,1.4982176e-05,3.5454439e-06,-1.8616538e-06,-0.00011676616,-0.0009108564,-0.0008586692,-0.0047490452,-0.00046062737,-0.0007570017,0.0004059001,-0.00020467972,-3.498907e-05,0.00012628238,-0.00025976953,-0.0010083001,-4.9910952e-05,-1.626313e-05,-0.00033182345,-0.0007767303,2.7702301e-05,2.929887e-05,0.00015779641,-0.00012432797,2.3865365e-05,7.899044e-06,-5.530006e-05,-1.0872863e-06,-2.352423e-05,-3.5878886e-05,0.0002977834,-6.789067e-05,-6.544066e-05,-1.749655e-05,-0.00014859257,-0.0001241207,-3.4338993e-06,3.4253487e-06,0.00014343926,-8.794484e-05,-1.5471189e-05,8.101914e-06,-3.767166e-05,-0.0004014986,1.3437406e-05,6.5829636e-07,0.000685711,-0.0010565385,1.505619e-05,-2.5421994e-06,-0.00096382416,-2.2727443e-06
CH,0.5263320903583882,0.048601147,2.491794789036139e-27,0.00062271743,-7.2409335e-07,0.0002516045,0.0023620713,-1.8647575e-05,-3.202677e-06,-3.7832666e-05,3.4931527e-06,-0.0004735856,7.9264966e-05,-0.00041526803,-6.640476e-05,-0.00039820033,8.563001e-05,-2.7609449e-05,-0.00033940692,0.00014182997,-5.779278e-06,0.0011067585,0.00037004906,-5.409229e-05,6.219905e-05,-2.2731832e-05,-4.8350003e-06,-4.3009135e-05,0.0033727486,-0.0003717691,0.0017925213,-1.9353487e-05,-3.144923e-05,-0.0023099033,0.0012075499,-0.00092070573,0.0009100918,-0.0024604762,-0.009846601,-0.00028507164,-8.3589075e-05,0.00044874937,-0.005641638,4.896558e-05,-0.00024601226,-6.327753e-05,-0.0016676483,5.7540816e-05,-3.7325071e-06,0.00021600921,3.1959341e-06,-1.5742215e-05,8.6937725e-06,0.00017379344,-5.2620067e-05,-2.081836e-05,1.6951934e-05,-1.700642e-05,-0.00017348764,4.2003253e-06,-9.600708e-05,9.228908e-05,-0.0011548011,-5.015925e-05,-0.0002011728,0.0008159749,-0.00025885671,0.0005097486,-2.8180038e-05,0.0008555388,-0.010750399,-6.997908e-05,-1.8591374e-05,-0.00020063114,4.803742e-05
BU,0.806565135408148,0.043302584,1.968106764369062e-77,0.0005826458,0.0001273428,-2.4213034e-05,-1.8647575e-05,0.0018751139,-2.0768555e-05,3.8350927e-06,-3.902571e-05,-0.00042616684,-8.969849e-06,-0.0006097498,-0.00012625539,0.00019948404,-0.00010542002,-0.00074177096,-0.00041644284,4.1414016e-05,-0.00013320216,0.0002223976,6.496634e-05,0.00015779436,4.402759e-05,2.0025454e-05,1.1613712e-05,6.65392e-06,-7.16023e-05,5.076746e-05,-8.3157734e-05,-0.00017601697,-7.4070736e-06,0.00036897263,-0.0010069968,8.7301865e-05,6.188164e-05,2.9019448e-05,3.1366344e-05,3.8450886e-05,1.5737298e-05,8.1645725e-05,0.00045720724,-0.0008968664,-0.0017167585,-0.001475154,-0.0017531642,-0.0014297089,-0.0002698913,-0.00053474767,-0.0001808978,9.706574e-06,1.2192279e-05,6.102593e-05,1.6584114e-06,-0.00026781613,5.0407e-05,-4.6181063e-05,-7.447951e-05,1.8311715e-06,5.142446e-05,-1.037575e-05,0.00025919703,-8.23745e-05,0.00010156698,-0.00036065315,-0.0014413301,0.00034834322,-3.0484567e-05,0.00061906176,-0.0002799788,-0.0018574798,1.125201e-05,0.0023799278,0.0002502847
CS,0.4753496944312711,0.023260716,8.048199005202914e-93,-2.8386153e-06,4.5976747e-05,2.7846192e-05,-3.202677e-06,-2.0768555e-05,0.00054106093,-2.204487e-05,1.0808664e-05,5.929708e-06,-1.3138192e-05,9.612792e-09,-8.181063e-06,-3.3964978e-05,-9.7437536e-05,6.015439e-05,5.8533507e-05,-1.5555797e-05,-4.4814227e-05,-1.9347812e-05,-4.840907e-06,4.233745e-06,-2.2304428e-05,-5.8863247e-06,1.2159341e-05,-6.330907e-06,-1.691125e-05,-2.5318674e-05,-0.00014170966,-1.8982753e-05,2.3383835e-05,-8.140709e-05,0.000103075174,-5.4235634e-06,9.339191e-07,2.1510157e-05,4.520356e-06,-2.6868645e-06,-1.2427173e-06,-7.6373646e-05,-8.836013e-05,2.2214056e-06,4.3527263e-05,2.5939258e-05,3.71397e-05,1.4895689e-05,4.427249e-05,-1.880374e-05,8.960582e-06,-0.00019985257,-0.00040016067,-0.00082029455,-0.0002137891,-5.2056846e-05,-0.001151853,0.00097389193,-0.002632361,2.500286e-06,-2.781155e-05,-9.651706e-06,1.0253644e-05,5.081346e-06,-5.4064527e-05,0.00025839268,-0.0008548689,7.717954e-06,-1.3307392e-06,-1.6652175e-05,1.790863e-05,2.5761641e-05,-3.802759e-05,-0.0006781938,-3.498225e-05
CA,0.13365596279236364,0.02228392,1.999272902535241e-09,-7.924403e-06,-0.00011394749,8.863268e-06,-3.7832666e-05,3.8350927e-06,-2.204487e-05,0.00049657305,6.674143e-06,8.479681e-06,2.7193237e-06,7.2279745e-06,5.2609143e-06,-1.4507339e-05,6.2335507e-06,2.4496294e-05,4.029866e-05,5.7856992e-05,0.0001123526,0.00014934938,3.173423e-05,6.802195e-05,-3.2626601e-06,7.4295625e-05,-2.6498985e-05,1.1595671e-07,5.5856683e-05,-1.3090603e-06,-9.4505864e-05,-2.8353208e-05,-1.1039621e-05,7.0018155e-05,0.00015469076,1.2111224e-05,-1.0553832e-05,5.7730194e-05,0.00015244621,7.854622e-06,9.905953e-08,0.00022785418,1.7095965e-05,-5.1231928e-06,1.75736e-06,-1.3814771e-07,-5.50858e-07,-3.4500965e-06,-1.8125739e-06,-5.2575127e-05,-2.2956115e-06,8.045294e-06,7.69164e-06,9.348577e-06,1.6041225e-06,-1.035211e-05,5.2793195e-05,-1.1920135e-05,5.7868634e-05,-0.00012786612,-0.00039292322,-0.00030627116,-0.0018917423,-0.00052676816,-0.00044194996,-0.0011615276,0.0006992419,-8.77787e-06,-4.9679625e-07,-0.0002697662,0.00016984416,-7.0767524e-06,-9.438396e-06,0.00019635641,-7.2419402e-06
DP,0.24445448439311288,0.016013399,1.2958726363688516e-52,8.150759e-06,-2.034543e-06,3.5964717e-06,3.4931527e-06,-3.902571e-05,1.0808664e-05,6.674143e-06,0.00025642893,-4.486829e-06,-4.064684e-06,1.4400005e-05,-1.2994083e-05,-4.9794184e-05,-2.6654498e-05,-1.4082902e-05,-9.077234e-06,9.867742e-06,-6.902262e-07,-1.3470523e-06,1.144535e-05,1.51320855e-05,6.8317577e-06,4.383119e-06,2.0348487e-05,2.7512303e-07,2.2441927e-05,-1.2943551e-06,-5.1457526e-05,-1.1948496e-05,5.652542e-07,2.901212e-05,-5.6433426e-05,1.6948075e-05,2.7716604e-05,-1.50233645e-05,-2.8448496e-05,8.194616e-06,5.4025077e-06,6.1069164e-05,-7.8960504e-05,1.3578856e-05,4.8403028e-05,3.5300993e-05,7.955522e-05,2.0863003e-05,1.0521487e-05,2.3018498e-05,0.00018117383,-2.3493107e-05,-2.0277172e-05,1.3833917e-05,-3.391109e-05,-2.3156426e-05,1.029261e-06,-9.24744e-05,0.0022155242,-7.561976e-07,3.759714e-06,6.2645804e-06,-9.998962e-06,1.8717452e-06,1.3577133e-05,-5.5379725e-05,0.0011269908,0.00027156709,-0.00016020128,0.0002937099,-0.0020709708,-0.00021590221,-0.0001842759,-0.0029708028,-0.00039081628
BT*BT,-0.56485508190684,0.0472846,6.82429300711323e-33,-0.002175074,-2.4770106e-05,-4.8870923e-05,-0.0004735856,-0.00042616684,5.929708e-06,8.479681e-06,-4.486829e-06,0.0022358333,0.000857237,0.0009334097,0.0001712554,0.0018260083,-0.0024857083,-0.003096084,-0.0015075727,0.00023347067,5.3963828e-05,-0.00095189566,-0.00030907535,-0.00083314546,-0.00023292076,-2.3391107e-05,-0.000114430375,1.2176041e-05,-0.0013106741,6.654094e-05,-0.00026159748,-8.138971e-06,-4.312822e-05,0.00074189523,0.000119139615,0.00016888713,-0.0006639091,0.00032924084,0.0022856598,3.6696194e-05,-1.3237792e-05,6.224868e-05,0.0020941666,0.0005992779,-0.00044549926,4.9734655e-05,-0.000764333,0.00037330465,4.5612007e-05,0.00079589366,0.00010705969,-2.244685e-05,-3.8737758e-06,-0.00013688397,-6.794692e-06,3.580883e-05,-3.2464081e-06,-7.211719e-05,-0.00033293056,-7.909371e-06,-3.7366362e-07,-0.00011968938,2.6614001e-05,4.8097878e-05,4.624294e-05,-0.0001411384,-0.00052624434,-0.00037687478,-3.1159496e-05,-0.00023020865,0.0007207901,0.00028594647,-1.04244145e-05,0.0009653551,1.3470955e-05
BT*BV,0.044183641958937495,0.09515334,0.6424031128222931,-0.0015483155,-5.4004737e-05,2.59634e-05,7.9264966e-05,-8.969849e-06,-1.3138192e-05,2.7193237e-06,-4.064684e-06,0.000857237,0.009054158,0.00072662666,-0.0008252466,0.0005811908,-8.9649875e-05,-0.0011413014,-0.0014232373,0.0013376522,0.00011793764,0.00013448493,-0.00021509927,0.000111351386,-0.0004181898,-6.652345e-05,-0.0004223045,-2.8091128e-05,0.000828982,-6.539145e-05,-0.0005177576,-5.1838826e-05,4.4296332e-05,-0.00017351618,0.00021078298,-2.1117203e-05,0.00036688396,-0.00015377573,-0.0005921129,-8.107161e-06,2.9366092e-05,0.0005100388,0.00032375037,7.5993235e-06,0.00060311216,-0.0002686192,0.0018001584,-0.00012005954,5.3917807e-05,0.000776414,0.00014019733,-4.4775283e-05,1.673308e-05,7.2684976e-05,2.96568e-05,1.6023996e-05,1.8823079e-05,2.2172111e-05,6.8579284e-05,-1.2689204e-05,-6.920081e-06,3.7539572e-05,1.6004426e-05,1.1807104e-05,9.317566e-06,-6.873768e-05,-0.004740417,0.0007643927,1.8987384e-06,-0.00024213489,-0.00040781894,4.5658562e-05,9.013516e-06,0.000778026,-7.799106e-06
BT*CD,-0.463851777945938,0.09164442,4.161245907602571e-07,-0.0018639149,1.8207038e-05,0.00018742168,-0.00041526803,-0.0006097498,9.612792e-09,7.2279745e-06,1.4400005e-05,0.0009334097,0.00072662666,0.0083987005,-0.00040568816,-0.0029448022,-0.0009775114,-0.009496123,0.002931585,-0.0007027584,2.2368824e-05,0.0006617527,-0.00032800052,-0.0011463579,-0.00034285456,-4.097731e-05,-0.00029666277,0.00012686271,-0.00068606413,5.1510673e-05,-0.00051211717,0.00022446518,-0.00010070659,0.0014585743,-0.00039301213,9.293693e-05,-0.0006461126,0.0012752092,0.0019445609,5.6680124e-06,-3.5812278e-05,-0.0005427961,0.0005179496,-0.0003074232,-0.00050292886,0.0034821073,-0.00083231,0.00031730375,0.000107078384,0.00082683057,0.000100753925,-5.1946903e-05,1.188743e-05,0.0002828689,4.910325e-05,0.000119715754,-2.7679056e-05,0.00014648105,0.00041944682,-9.30663e-06,-3.9184753e-05,0.00029539285,0.00015656985,2.6587328e-05,-3.8621518e-05,4.5774195e-05,-0.00035609005,-0.0019524565,-3.3400924e-05,-0.00018497568,0.0008885543,0.00060195744,-3.3767992e-06,-0.0026989505,-4.2289703e-06
BT*CH,0.05375154581226245,0.1878541,0.7747750763178078,-0.00078321574,2.4382854e-05,-1.1851019e-05,-6.640476e-05,-0.00012625539,-8.181063e-06,5.2609143e-06,-1.2994083e-05,0.0001712554,-0.0008252466,-0.00040568816,0.03528916,-0.0026597423,-0.001468305,-0.00496253,-0.0033224756,-0.00028264118,-9.329087e-05,1.10667e-05,0.00036730574,0.00066642486,0.00052081497,7.4794705e-05,0.0004714028,-2.5770466e-06,0.0001889956,-4.1034473e-05,0.0010093476,-0.00010054926,0.00015679347,0.0002959944,-0.00052766706,0.0004285543,-7.494228e-05,-2.5054784e-05,0.00040303264,-8.404423e-05,-2.171193e-05,-0.00025109027,0.0001661302,-0.00045595205,0.00070126576,9.704334e-05,0.003739019,-6.463159e-05,0.00011887909,0.0012748647,0.00015630042,-0.00011568985,9.115384e-06,0.00018998943,-2.3710994e-05,1.2499825e-05,3.0466721e-05,-8.125568e-05,-0.00090696895,-1.9044991e-07,2.8476812e-05,2.3837412e-05,4.6916546e-05,-6.5019176e-06,7.485908e-06,-3.570079e-05,-0.0015641166,0.00092900346,3.6937363e-06,-0.0001700651,0.00033759413,0.00019803988,-2.6043746e-05,0.0028131974,-1.2552325e-05
BT*BU,-0.33005668258934584,0.15254311,0.030487809057307875,-0.003382022,9.979994e-05,-6.982926e-05,-0.00039820033,0.00019948404,-3.3964978e-05,-1.4507339e-05,-4.9794184e-05,0.0018260083,0.0005811908,-0.0029448022,-0.0026597423,0.023269402,-0.004908311,-0.010766225,-0.0074036526,-2.6119444e-05,-0.00031007128,-0.0014433298,0.00078156113,0.0012158987,0.0014929104,0.00024509613,0.0015233088,-9.8238495e-05,-0.0010267445,-3.3623168e-05,0.0012456356,0.00021001438,0.00019077133,0.0008244118,0.00046508914,-3.818266e-05,-0.00046939563,0.0007752773,0.0017531692,0.00019801992,6.1780156e-05,0.00041776642,0.0020940958,0.0035442037,-0.00029785724,-0.0015197182,-0.002781349,0.0001531492,-0.00019750744,-0.0012296003,-0.00027078,-0.0002487149,3.585635e-05,0.00062794605,2.1337146e-05,5.5352616e-06,5.3687716e-05,-0.000148667,-0.0016968659,7.5907415e-06,0.00013734851,-0.00011631988,0.00012657595,0.00020243318,0.00020463955,-0.00037906074,0.0039091213,0.0010967558,-1.1014231e-05,0.0012402677,0.0013682923,-0.0003088129,-4.028192e-05,0.007980804,0.00011764107
BT*CS,0.31191896425859883,0.25954482,0.2294440116369053,0.000911481,9.130523e-05,-2.4758678e-05,8.563001e-05,-0.00010542002,-9.7437536e-05,6.2335507e-06,-2.6654498e-05,-0.0024857083,-8.9649875e-05,-0.0009775114,-0.001468305,-0.004908311,0.06736351,-0.008011234,-0.008082242,-0.00069517456,-0.0002215941,0.00034482416,0.0006988269,0.0011808967,0.000964082,0.00015038543,0.0008954324,1.17750615e-05,0.0006284986,-4.7812857e-05,0.0002674374,0.0001863549,0.0003751326,0.00032468644,-0.0011343526,0.00016993334,0.00033315178,-0.00022838208,-0.00078626064,3.2305947e-05,0.00016648471,0.0013377606,0.0023116998,-0.0005421476,0.0010033218,0.000480548,0.0043950253,-0.00018124736,0.00042096718,0.0025975371,0.00036305777,0.0011398809,-4.0359493e-05,-0.00022291465,-0.00029986072,-0.0002408124,0.0004675687,-0.0012126123,-0.003198862,3.452121e-05,5.0154456e-05,-7.259623e-05,-5.6262692e-05,-1.7261136e-05,8.052916e-05,-0.00011141467,0.006846685,0.002460866,4.1771236e-05,-0.0007832235,-0.00028219348,0.00025144694,-0.000110685905,0.0034551318,-9.8072334e-05
BT*CA,0.04438523872553004,0.59986323,0.9410165406096558,0.0031235586,0.000107796026,-0.00026369435,-2.7609449e-05,-0.00074177096,6.015439e-05,2.4496294e-05,-1.4082902e-05,-0.003096084,-0.0011413014,-0.009496123,-0.00496253,-0.010766225,-0.008011234,0.3598359,-0.015355482,0.0004667954,-0.000314733,-0.0006029038,0.0010138098,0.001738577,0.0016898176,0.00023633798,0.001589029,2.4944848e-05,-0.00045409077,0.00017391049,0.0018867267,0.00019954548,0.0008489201,0.006411358,-0.0024624653,0.00046982386,0.0005044051,-0.0004607454,-0.00047821813,-3.488181e-06,0.00013600373,0.0045014624,0.0036584553,0.00037653276,0.0020780673,2.577034e-05,0.007425263,0.00011724006,0.0004893104,0.013977185,0.00069104554,-0.00033004294,-2.9039644e-05,0.00017880554,-0.00011745412,6.53771e-05,-8.924051e-05,-8.479478e-06,-0.0028982677,5.3837633e-05,0.00014339012,0.00023104573,-0.000100499805,-5.4036875e-05,8.848382e-05,-0.0004335658,0.0004131062,0.0064237667,2.5434958e-05,-0.00087897107,-0.00020456227,0.0008965868,-7.288501e-05,0.0053981557,-0.00019832709
BT*DP,0.0863555644140249,0.33989248,0.7994435642146798,0.0018020674,4.5905792e-05,7.664657e-05,-0.00033940692,-0.00041644284,5.8533507e-05,4.029866e-05,-9.077234e-06,-0.0015075727,-0.0014232373,0.002931585,-0.0033224756,-0.0074036526,-0.008082242,-0.015355482,0.11552689,0.00055140187,-0.00020156725,9.3803006e-05,0.00066183653,0.0014818778,0.0012525435,0.00018682402,0.0012249269,9.063619e-05,0.00052827544,4.0701034e-06,-0.00320626,-0.0002436613,3.8163118e-05,-7.5323824e-06,2.0628708e-05,0.00091116235,6.410242e-05,-0.00068146497,0.00097109744,6.873115e-05,0.00017893691,0.0026395258,0.008683593,0.0012036872,0.0016794434,-0.0013135971,0.005446088,4.3161046e-05,0.0004073535,0.004182433,0.0009819835,-0.00020737687,-2.2952627e-05,0.00025422103,-4.9105056e-05,5.7061043e-05,-0.000115721974,-6.548529e-05,-0.001441752,4.3461307e-05,0.0002028758,-0.00011711125,0.00032069528,2.8395369e-05,0.00025401052,-0.0009409688,0.0061982432,0.005542054,-6.513162e-05,0.0020212189,-0.0026001176,0.00013994549,-1.762527e-05,0.0028664784,-9.4385054e-05
BV*BT,-0.5105746457617559,0.055778578,5.506850144057272e-20,0.00022907845,-0.0012612848,3.530867e-05,0.00014182997,4.1414016e-05,-1.5555797e-05,5.7856992e-05,9.867742e-06,0.00023347067,0.0013376522,-0.0007027584,-0.00028264118,-2.6119444e-05,-0.00069517456,0.0004667954,0.00055140187,0.0031112498,0.0012778002,0.0012095394,-6.8815156e-05,-0.00022660094,-0.0009219668,-0.00014789954,-0.0011162694,1.2588329e-05,0.0011371741,-8.100244e-05,3.613428e-05,1.3270663e-05,7.0408028e-06,-0.00014733433,0.00023691305,4.0203566e-05,0.00034481613,-0.0001801242,-0.0007224435,-1.9764927e-06,1.2116668e-05,0.00035930323,2.8208626e-05,0.0005311527,-0.00043480087,-0.00055606297,0.00066367903,-5.6633588e-05,1.8361716e-05,0.00029228837,7.297831e-05,9.707347e-05,-9.767703e-05,-0.00011578717,3.5039044e-05,5.660362e-06,1.4830817e-05,0.00010686925,0.0010455897,-1.9000283e-05,0.000624084,-6.842118e-05,0.0007604087,0.00014032633,0.00058510184,-0.002335682,-0.0055732094,0.0005869893,1.4168193e-05,-0.00019098847,-0.00088206533,-7.232141e-05,3.8703998e-05,-0.0010716914,-8.486772e-06
BV*BV,-0.8572809780244044,0.053037666,9.104567040560406e-59,-3.5790214e-05,-0.002317578,-4.4960843e-06,-5.779278e-06,-0.00013320216,-4.4814227e-05,0.0001123526,-6.902262e-07,5.3963828e-05,0.00011793764,2.2368824e-05,-9.329087e-05,-0.00031007128,-0.0002215941,-0.000314733,-0.00020156725,0.0012778002,0.0028129942,0.0026256787,-7.77575e-05,0.00051088026,-0.0011667722,-0.00044271725,-0.0018506359,2.3440214e-05,0.0012544856,-2.2364165e-05,0.00033586542,6.607003e-05,2.9021168e-05,-4.7123805e-05,-0.00026832076,2.9169976e-05,0.00021057708,8.9278845e-05,-3.233169e-05,3.678387e-05,4.218931e-06,0.00031149862,0.00021591903,-5.4028726e-05,-0.00014714891,-1.133646e-05,-0.0008031097,0.00015007984,4.349214e-06,9.976972e-05,-1.42423505e-05,-3.1381216e-05,-2.5475932e-05,-0.00011043853,-6.8900794e-05,-6.082473e-05,0.00014988238,-0.00019108449,-0.00012858021,-3.3907686e-06,0.0009114687,-0.00021381525,0.0015100146,0.00023290959,0.0010976918,-0.0043490175,7.155955e-06,7.401871e-05,4.5298502e-06,-0.00036019916,-3.364958e-05,0.00011150246,-8.00576e-06,0.000971327,-1.7813729e-05
BV*CD,-1.1441670869667366,0.14614686,4.922129813448188e-15,0.0011484075,-0.002619427,0.00054732134,0.0011067585,0.0002223976,-1.9347812e-05,0.00014934938,-1.3470523e-06,-0.00095189566,0.00013448493,0.0006617527,1.10667e-05,-0.0014433298,0.00034482416,-0.0006029038,9.3803006e-05,0.0012095394,0.0026256787,0.021358907,0.0003006388,-0.00069810153,-0.000575772,-0.00021486319,-0.0006959976,-0.00016349296,0.00979981,-0.00022393091,-0.006530941,-0.00093741657,4.9654933e-05,-0.0018932712,-0.0032279375,-0.00026175543,0.0022236193,-0.001107849,-0.005771057,-3.1927353e-05,7.0521535e-05,0.0009552398,-0.0027429857,-0.00050451915,-0.0012432027,0.0013144121,0.0010533651,-0.00023035135,-2.3233328e-05,3.719793e-05,-3.9345225e-05,-0.00011428994,-0.00010533884,0.0013652921,2.8446144e-05,4.067938e-05,2.3589517e-05,0.00028597482,0.000132098,3.1368814e-05,0.0012795081,-0.0006270072,0.0014085795,0.00011144527,0.0011245683,-0.004820818,0.0011679821,0.00031409398,2.4485133e-05,0.0056019817,-0.0039177104,-0.00013748002,2.453323e-06,0.0008698351,8.789697e-06
BV*CH,-0.45797472567816305,0.14052564,0.0011180099020537025,0.000269019,-0.0008178958,6.56225e-05,0.00037004906,6.496634e-05,-4.840907e-06,3.173423e-05,1.144535e-05,-0.00030907535,-0.00021509927,-0.00032800052,0.00036730574,0.00078156113,0.0006988269,0.0010138098,0.00066183653,-6.8815156e-05,-7.77575e-05,0.0003006388,0.019747455,0.00045280944,0.0012763401,0.0004550043,0.0013717364,1.2929067e-06,0.001088029,-0.00012700431,0.00030562692,4.5263474e-05,5.1927163e-05,-0.000375312,0.00015955008,-0.0001384883,0.00043847662,-0.0002954063,-0.0018517748,-3.15294e-05,2.4041585e-05,0.00046292334,-0.0007252429,0.00028514265,-0.0007138654,-0.00016473584,0.0011132711,-9.1170485e-05,1.894898e-05,0.00041104882,6.5215965e-05,3.9541836e-05,-0.0002343247,0.000103140395,8.915178e-05,8.481854e-05,-4.3960852e-05,0.00027194165,0.0012125034,-5.110207e-06,0.0007593684,-7.178964e-05,0.000120743054,3.2994798e-05,0.00024163762,-0.0010619657,-0.005962128,0.00032005875,3.9302216e-05,0.00083892915,-0.0017042087,-8.5151805e-05,4.359057e-05,-0.0008885135,-9.5085556e-07
BV*BU,-0.46628039454814174,0.112874664,3.612560237173541e-05,0.0008623888,-0.0010296613,5.8378515e-05,-5.409229e-05,0.00015779436,4.233745e-06,6.802195e-05,1.51320855e-05,-0.00083314546,0.000111351386,-0.0011463579,0.00066642486,0.0012158987,0.0011808967,0.001738577,0.0014818778,-0.00022660094,0.00051088026,-0.00069810153,0.00045280944,0.01274069,-0.000109388246,0.00016290923,-5.033999e-05,1.3301825e-05,0.00012351506,-0.00012646636,0.0006230022,-8.984068e-05,0.00016462347,-0.00018919293,-0.0008737178,2.563122e-05,-1.2497657e-05,0.0003479105,0.0002979645,4.991976e-05,9.2440973e-07,0.00018951432,0.000738761,0.00014653851,0.0062019047,-0.00059939886,-0.001954528,4.2036965e-05,-6.6865476e-05,0.00032681762,-5.589893e-05,3.261202e-05,-0.00017853478,0.00023164884,0.00016169595,0.00016208658,-0.00012082201,0.0005786733,0.002263464,9.346956e-06,0.00073399994,-0.00022489988,0.00046598763,-1.9009274e-05,0.00039596265,-0.001843416,-0.008270197,3.5686066e-05,1.0033456e-05,0.0012732425,-0.00071088935,-0.00031916337,8.509639e-05,-0.0012926235,3.924436e-05
BV*CS,-0.1688505284140296,0.19458282,0.38552758739552173,0.00010663692,0.0001022992,1.4982176e-05,6.219905e-05,4.402759e-05,-2.2304428e-05,-3.2626601e-06,6.8317577e-06,-0.00023292076,-0.0004181898,-0.00034285456,0.00052081497,0.0014929104,0.000964082,0.0016898176,0.0012525435,-0.0009219668,-0.0011667722,-0.000575772,0.0012763401,-0.000109388246,0.037862476,0.0005919227,0.001636743,-4.5498955e-06,0.00026833708,-5.5441524e-05,0.00017865845,-1.3999484e-05,-5.9051654e-05,5.0681712e-05,-0.00011192088,-3.914787e-06,9.549645e-05,-4.7349407e-05,-0.00032665455,-1.2733932e-05,2.056571e-05,0.0003032306,0.00051823957,0.0005635894,-0.0007872137,-0.00021975895,0.0017368558,-0.00010205909,5.586455e-05,0.0007572891,0.00013569783,1.698512e-05,0.0025082268,-3.6718513e-05,4.5286e-06,1.4275529e-05,6.118986e-05,-3.688424e-05,0.00072279456,-4.117127e-06,0.0004299841,-4.11413e-06,-0.00029333818,-2.1185728e-05,-0.000117225085,0.00036645745,-0.008706715,0.00046585273,4.979087e-05,0.0013498787,-0.0007103312,-6.753834e-05,2.886895e-05,-0.0012470472,-1.0003816e-05
BV*CA,0.008328766168802024,0.08782311,0.9244453277926624,2.1371816e-06,0.0001239727,3.5454439e-06,-2.2731832e-05,2.0025454e-05,-5.8863247e-06,7.4295625e-05,4.383119e-06,-2.3391107e-05,-6.652345e-05,-4.097731e-05,7.4794705e-05,0.00024509613,0.00015038543,0.00023633798,0.00018682402,-0.00014789954,-0.00044271725,-0.00021486319,0.0004550043,0.00016290923,0.0005919227,0.007712899,0.00069130433,-1.134946e-06,-0.00010137305,-7.817642e-06,2.0279907e-05,1.3292525e-05,2.6524654e-05,-4.6218473e-05,4.3033928e-05,-1.6578639e-06,-1.8746854e-05,3.397549e-05,0.00011455615,-8.297202e-06,-3.8790613e-06,0.00035008875,6.8305795e-05,7.170641e-05,-0.00012272476,-2.7564905e-05,0.0002853987,-2.4821422e-05,3.4525692e-06,0.00012781055,1.5795704e-05,1.0728586e-05,-5.187344e-05,3.5360834e-05,2.5913094e-05,2.007945e-05,-1.5049286e-06,0.000105775696,0.00031332357,-9.266591e-06,-8.4516534e-05,-0.00019159396,0.0007619119,0.00012810578,0.0007720052,-0.0030470055,-0.0028224103,5.3513286e-05,9.223273e-06,0.00018964634,1.7355072e-05,-2.5283289e-05,8.759611e-06,-0.00066817546,-3.0715887e-06
BV*DP,0.23963436798205417,0.18280992,0.18991216990657622,-2.284652e-05,0.00070479163,-1.8616538e-06,-4.8350003e-06,1.1613712e-05,1.2159341e-05,-2.6498985e-05,2.0348487e-05,-0.000114430375,-0.0004223045,-0.00029666277,0.0004714028,0.0015233088,0.0008954324,0.001589029,0.0012249269,-0.0011162694,-0.0018506359,-0.0006959976,0.0013717364,-5.033999e-05,0.001636743,0.00069130433,0.033419468,-5.914203e-06,-0.00021947057,-5.8867463e-06,7.1927905e-05,1.5708318e-06,1.3619226e-08,9.3830844e-05,-6.124131e-05,1.0625014e-05,-3.5371333e-05,-1.21131925e-05,1.2670653e-05,-1.8727116e-05,1.365213e-05,0.00016291499,0.0006876904,0.00056814175,-0.00065657496,-0.00024502786,0.0014718223,-6.8682144e-05,4.6916997e-05,0.00072770147,0.00017175384,7.206917e-05,-0.00022454317,2.9751942e-05,0.00012726457,0.0001319993,-0.000113225135,0.00036693393,0.0017595419,-2.0995892e-06,0.00022389925,8.997975e-05,-0.0004906997,-6.0921015e-05,-0.00032807302,0.0012142969,-0.009319155,0.00022922792,-0.0005520779,0.001019045,-0.0007113143,-3.89611e-05,7.3453186e-05,-0.0023086257,-8.0218786e-05
CD*BT,-0.0034357799023723074,0.025430635,0.892529664952758,5.597336e-06,-2.3888017e-05,-0.00011676616,-4.3009135e-05,6.65392e-06,-6.330907e-06,1.1595671e-07,2.7512303e-07,1.2176041e-05,-2.8091128e-05,0.00012686271,-2.5770466e-06,-9.8238495e-05,1.17750615e-05,2.4944848e-05,9.063619e-05,1.2588329e-05,2.3440214e-05,-0.00016349296,1.2929067e-06,1.3301825e-05,-4.5498955e-06,-1.134946e-06,-5.914203e-06,0.00064671715,-0.00020224882,-2.1431835e-05,-0.00033530185,-0.00015935575,-0.00015040138,-0.0012828205,0.0017579871,0.00018989593,-1.6572898e-05,7.107759e-05,5.25267e-05,-8.089485e-06,1.39668355e-05,4.7330264e-05,-0.00028645917,-1.3656892e-05,-2.9623998e-06,-1.9384885e-05,3.195014e-05,-7.2707626e-06,-3.612829e-06,-3.0170875e-05,-7.598012e-06,3.926899e-05,3.878225e-06,2.4308058e-06,2.2599428e-05,1.3754587e-05,-1.2863208e-06,4.346965e-05,-7.2081993e-06,5.1140432e-06,1.4591064e-06,6.029865e-05,5.581963e-05,-8.442519e-06,-2.5902464e-06,9.2679065e-06,0.0002748894,-6.94701e-05,2.702149e-06,-0.00038103468,0.00041592694,-1.8031874e-06,-3.988407e-06,-0.00022556812,2.1777942e-06
CD*BV,0.6463220070869593,0.19848232,0.0011286634907352537,0.0016789781,-0.0013174864,-0.0009108564,0.0033727486,-7.16023e-05,-1.691125e-05,5.5856683e-05,2.2441927e-05,-0.0013106741,0.000828982,-0.00068606413,0.0001889956,-0.0010267445,0.0006284986,-0.00045409077,0.00052827544,0.0011371741,0.0012544856,0.00979981,0.001088029,0.00012351506,0.00026833708,-0.00010137305,-0.00021947057,-0.00020224882,0.03939523,-0.00015378745,-0.015654324,-0.0014861873,0.0019380893,-0.00027638607,-0.019625003,-0.0008371378,0.0071205124,-0.0053562345,-0.018451776,1.3829425e-05,0.00028117478,0.0032657327,-0.008054606,2.0009364e-05,-0.0008630577,0.00069110014,-0.0005802324,0.00010572655,-7.4072727e-06,5.228325e-05,-7.9751124e-05,2.4117884e-07,0.00012977084,-0.00023792236,0.00011585654,1.2675914e-05,-1.9843103e-05,0.0006855961,0.0008599263,2.6534852e-05,0.0006042626,0.00030726255,0.0005549844,-0.0001783161,0.00016084683,-0.0015351294,0.0007330368,0.00035367254,-3.769683e-05,0.008513957,-0.01301112,2.4613095e-05,4.9023633e-06,-0.005198502,2.707368e-05
CD*CD,-1.011470748127651,0.044098105,1.9944262063448292e-116,-9.2048635e-05,3.3921027e-05,-0.0008586692,-0.0003717691,5.076746e-05,-2.5318674e-05,-1.3090603e-06,-1.2943551e-06,6.654094e-05,-6.539145e-05,5.1510673e-05,-4.1034473e-05,-3.3623168e-05,-4.7812857e-05,0.00017391049,4.0701034e-06,-8.100244e-05,-2.2364165e-05,-0.00022393091,-0.00012700431,-0.00012646636,-5.5441524e-05,-7.817642e-06,-5.8867463e-06,-2.1431835e-05,-0.00015378745,0.001944643,0.002169417,-0.000395775,-3.093403e-05,-0.0015496714,0.0012594343,9.964846e-05,-0.00033410784,0.000578483,0.0016469321,1.2177215e-05,-6.102357e-06,0.00016868004,0.00088044064,-5.9837235e-05,-5.629802e-05,-8.991591e-05,0.00022987544,-4.618651e-05,-4.4228364e-06,1.6027809e-05,-2.9142202e-06,-3.831202e-06,2.0685862e-05,1.6571183e-05,1.106176e-05,-9.3517765e-06,5.3747215e-05,-1.6186528e-05,0.00012945531,-3.4322547e-06,-3.6534562e-05,-0.00010439426,-4.5821103e-06,-1.6946391e-05,-4.313331e-05,0.000121835474,0.00051759504,-5.732612e-05,-2.3961225e-06,-0.00061835535,0.0015560134,-4.2024403e-05,2.7705423e-06,0.00039344496,3.050221e-06
CD*CH,-1.2491018982410107,0.4275672,0.003484437030047559,0.00014293187,-0.00038079987,-0.0047490452,0.0017925213,-8.3157734e-05,-0.00014170966,-9.4505864e-05,-5.1457526e-05,-0.00026159748,-0.0005177576,-0.00051211717,0.0010093476,0.0012456356,0.0002674374,0.0018867267,-0.00320626,3.613428e-05,0.00033586542,-0.006530941,0.00030562692,0.0006230022,0.00017865845,2.0279907e-05,7.1927905e-05,-0.00033530185,-0.015654324,0.002169417,0.18281372,-0.0033175203,0.0008639812,-0.014234987,-0.018694842,-0.0033041374,-0.0039465884,0.0155633595,0.0023663407,-0.0020624525,-0.0013658577,-0.019026712,-0.0015396954,0.00075992144,0.00018596748,-0.0027511923,-0.0043523223,0.00010571639,-6.174313e-05,-1.8936618e-05,0.00011358214,0.0002726797,0.00012608655,-0.00023292683,0.00046212052,0.0006505538,-9.372032e-05,0.00132856,-0.0026270233,2.4712082e-05,0.00026625968,-0.0009755184,6.503078e-05,0.00018023906,0.00025759952,-0.00039153013,-0.00112316,0.0033600423,2.3048939e-05,-0.0029143323,-0.013403034,4.9801776e-05,-0.00012421183,0.0052833348,1.926711e-05
CD*BU,0.1985663134096041,0.09469899,0.036009903705090315,-5.086814e-05,-6.4435066e-05,-0.00046062737,-1.9353487e-05,-0.00017601697,-1.8982753e-05,-2.8353208e-05,-1.1948496e-05,-8.138971e-06,-5.1838826e-05,0.00022446518,-0.00010054926,0.00021001438,0.0001863549,0.00019954548,-0.0002436613,1.3270663e-05,6.607003e-05,-0.00093741657,4.5263474e-05,-8.984068e-05,-1.3999484e-05,1.3292525e-05,1.5708318e-06,-0.00015935575,-0.0014861873,-0.000395775,-0.0033175203,0.008967898,-0.0022384704,-0.010171649,-0.019815166,-0.0001022676,0.0002655077,0.000741606,-0.00088111043,0.0006134688,0.00021938946,0.0024627899,0.0012054072,4.496262e-06,2.1514647e-05,0.00032527203,-0.00089066895,0.00015479521,-2.0476902e-05,-2.03538e-05,1.3783922e-05,8.1894745e-05,2.125924e-05,0.00023473198,0.00018338539,0.0003355519,-0.00010809924,0.00047133298,0.00013569133,-5.3940635e-06,6.3496176e-05,6.973967e-05,-4.4316535e-06,0.00026164018,0.00014116496,-0.00023572215,0.0002823244,-9.870745e-05,1.8973593e-05,0.00061226357,0.0004674049,0.00019427223,1.5633319e-05,0.0051911683,-2.7758646e-05
CD*CS,0.016695875076223592,0.21136971,0.9370413980547002,2.3553299e-05,-3.6271755e-05,-0.0007570017,-3.144923e-05,-7.4070736e-06,2.3383835e-05,-1.1039621e-05,5.652542e-07,-4.312822e-05,4.4296332e-05,-0.00010070659,0.00015679347,0.00019077133,0.0003751326,0.0008489201,3.8163118e-05,7.0408028e-06,2.9021168e-05,4.9654933e-05,5.1927163e-05,0.00016462347,-5.9051654e-05,2.6524654e-05,1.3619226e-08,-0.00015040138,0.0019380893,-3.093403e-05,0.0008639812,-0.0022384704,0.044677153,-0.0068838983,-0.0072250776,0.00017959683,5.869037e-05,0.00037264617,-0.00044869506,0.00019133116,0.00025977634,0.0015790777,7.370317e-05,5.8035752e-05,0.00011975874,-0.00022557488,-0.00012053131,3.006821e-06,2.4690302e-05,0.00014715295,-5.617166e-06,-0.000108920976,-0.00015092854,0.002309144,-0.00030236878,-0.00035841865,0.0001828706,-0.0012585495,-0.00021105286,3.6172926e-06,5.8903937e-05,4.2722045e-06,0.00013921423,8.1922895e-05,0.00030173452,-0.0003286427,-0.0010578587,-0.0003787934,1.7396711e-05,0.0010824398,0.0006062626,2.1494883e-05,9.843763e-06,0.0013231727,-1.1672041e-05
CD*CA,-0.12123876105836007,0.59356743,0.8381547001578723,-0.0009771994,6.511658e-05,0.0004059001,-0.0023099033,0.00036897263,-8.140709e-05,7.0018155e-05,2.901212e-05,0.00074189523,-0.00017351618,0.0014585743,0.0002959944,0.0008244118,0.00032468644,0.006411358,-7.5323824e-06,-0.00014733433,-4.7123805e-05,-0.0018932712,-0.000375312,-0.00018919293,5.0681712e-05,-4.6218473e-05,9.3830844e-05,-0.0012828205,-0.00027638607,-0.0015496714,-0.014234987,-0.010171649,-0.0068838983,0.35232228,-0.015115859,0.0013914262,-0.00051140005,0.007543443,0.0068708635,0.0004451174,0.00044456078,0.019942695,0.0047853705,-0.00033150893,-0.0002790918,-0.0010112622,0.001134695,-0.00027527733,-6.927335e-05,-0.0006906797,-3.4474237e-05,0.00010759459,0.0002366988,0.0013827526,0.0005063095,0.00032329958,-0.00013781068,0.0024776151,0.0018929892,5.35579e-05,7.975497e-06,0.0010142868,-0.0009562256,-0.0003270492,-0.00040030055,-0.00034038862,0.004421344,-0.00036648015,-6.59913e-05,0.0011215275,0.010552794,-0.00041793426,1.2554516e-05,-0.0037915858,2.107391e-05
CD*DP,-0.3608063664838158,1.1587071,0.7555064186513031,-0.0001822325,0.00028831186,-0.00020467972,0.0012075499,-0.0010069968,0.000103075174,0.00015469076,-5.6433426e-05,0.000119139615,0.00021078298,-0.00039301213,-0.00052766706,0.00046508914,-0.0011343526,-0.0024624653,2.0628708e-05,0.00023691305,-0.00026832076,-0.0032279375,0.00015955008,-0.0008737178,-0.00011192088,4.3033928e-05,-6.124131e-05,0.0017579871,-0.019625003,0.0012594343,-0.018694842,-0.019815166,-0.0072250776,-0.015115859,1.3426023,-0.0036815174,0.0024371885,9.292628e-05,-0.006864406,0.0013324317,0.0006141609,0.011242589,0.012538203,0.00085354666,0.00011894083,0.00067933206,-0.0007568378,0.00072165206,0.00015899166,0.0037865492,0.0001400539,-0.00061877014,-8.705294e-05,-0.0006712269,0.00015749889,0.0006975583,-0.00031984726,0.00039779564,0.0047328407,-1.9744451e-05,-0.00032230813,-0.0016605154,-0.0028304018,-0.0005008322,-0.00021078394,2.9973762e-05,0.0051349774,-0.0007160231,-1.086656e-05,0.008226944,-0.009522297,0.0011387254,0.00038256496,0.038808435,-0.00011885297
CH*BT,-0.1464604244915163,0.047852386,0.0022084138173554526,-0.00013535198,-2.6369033e-05,-3.498907e-05,-0.00092070573,8.7301865e-05,-5.4235634e-06,1.2111224e-05,1.6948075e-05,0.00016888713,-2.1117203e-05,9.293693e-05,0.0004285543,-3.818266e-05,0.00016993334,0.00046982386,0.00091116235,4.0203566e-05,2.9169976e-05,-0.00026175543,-0.0001384883,2.563122e-05,-3.914787e-06,-1.6578639e-06,1.0625014e-05,0.00018989593,-0.0008371378,9.964846e-05,-0.0033041374,-0.0001022676,0.00017959683,0.0013914262,-0.0036815174,0.0022898507,-0.0005597326,-0.00082492974,0.003433776,5.02151e-05,-5.3588392e-05,-0.0015909359,-0.0004966641,-0.00023409553,2.7342587e-05,0.00014937534,0.0007731975,-6.8851645e-05,-2.5624187e-05,-0.00023361389,-6.485579e-05,4.1784748e-05,1.6700747e-05,-0.00019628668,5.411619e-05,1.647416e-05,-8.756529e-06,0.00012275446,0.0014951061,-2.0870571e-05,-3.9966514e-07,-0.00024177034,0.00057784014,-4.0774366e-06,-1.865419e-05,-6.597862e-05,0.002882173,-0.0007109061,-5.795643e-06,0.00022176694,0.005103869,-7.408501e-05,4.87161e-05,0.0002413057,7.1750987e-06
CH*BV,0.3595153960813395,0.100416735,0.000343286806650009,0.000846118,-0.00023166479,0.00012628238,0.0009100918,6.188164e-05,9.339191e-07,-1.0553832e-05,2.7716604e-05,-0.0006639091,0.00036688396,-0.0006461126,-7.494228e-05,-0.00046939563,0.00033315178,0.0005044051,6.410242e-05,0.00034481613,0.00021057708,0.0022236193,0.00043847662,-1.2497657e-05,9.549645e-05,-1.8746854e-05,-3.5371333e-05,-1.6572898e-05,0.0071205124,-0.00033410784,-0.0039465884,0.0002655077,5.869037e-05,-0.00051140005,0.0024371885,-0.0005597326,0.010083521,-0.001663184,-0.010059885,0.00014346221,0.0005290568,0.0038933805,-0.003128483,-8.2540704e-05,-0.00049903395,-0.000114157105,-0.00017223338,4.145994e-05,-4.527506e-05,-0.0003429983,-4.4095308e-05,2.6200592e-05,-1.938545e-06,5.7016867e-05,9.685595e-05,1.0529709e-05,-6.8644795e-06,6.4067375e-05,0.0010723837,-9.006921e-06,-6.427433e-05,-0.00013861878,0.000877447,-7.423924e-05,-0.00018939671,0.0006507924,0.0019861157,-0.0008268522,-3.0318062e-05,-0.00092418795,-0.001352105,-0.00019875747,1.0194925e-05,-0.0033917467,3.982627e-05
CH*CD,-0.5210269683801032,0.10702329,1.1253321012349387e-06,-0.00054009655,-9.6492724e-05,-0.00025976953,-0.0024604762,2.9019448e-05,2.1510157e-05,5.7730194e-05,-1.50233645e-05,0.00032924084,-0.00015377573,0.0012752092,-2.5054784e-05,0.0007752773,-0.00022838208,-0.0004607454,-0.00068146497,-0.0001801242,8.9278845e-05,-0.001107849,-0.0002954063,0.0003479105,-4.7349407e-05,3.397549e-05,-1.21131925e-05,7.107759e-05,-0.0053562345,0.000578483,0.0155633595,0.000741606,0.00037264617,0.007543443,9.292628e-05,-0.00082492974,-0.001663184,0.011453984,0.010408444,-0.0005532509,-0.0001879377,-0.009248056,0.008171579,0.00022940506,0.00043217296,-0.0006178635,0.0023784062,-5.4857246e-05,-1.5922855e-05,-0.00093254406,5.609806e-05,-3.6229478e-05,-5.240394e-05,0.0002908704,4.2285403e-05,3.9862025e-05,-4.5752146e-05,-2.9217248e-05,-0.0013565215,-5.0595194e-05,0.00020148975,-0.0006804775,0.0025581855,0.000102627,0.00033718438,-0.0013205197,-0.0022492975,0.000803828,4.719649e-05,-0.0017882513,0.010547259,4.6686226e-05,-3.956418e-05,-0.0029180706,-7.154227e-05
CH*CH,-1.9270625140768647,0.23962818,8.84661721406876e-16,-0.0029477472,6.3322805e-05,-0.0010083001,-0.009846601,3.1366344e-05,4.520356e-06,0.00015244621,-2.8448496e-05,0.0022856598,-0.0005921129,0.0019445609,0.00040303264,0.0017531692,-0.00078626064,-0.00047821813,0.00097109744,-0.0007224435,-3.233169e-05,-0.005771057,-0.0018517748,0.0002979645,-0.00032665455,0.00011455615,1.2670653e-05,5.25267e-05,-0.018451776,0.0016469321,0.0023663407,-0.00088111043,-0.00044869506,0.0068708635,-0.006864406,0.003433776,-0.010059885,0.010408444,0.057421662,0.00011451416,-0.0012629678,-0.013311202,0.021608496,-1.0635574e-05,0.0013580279,0.00038789317,0.0041077044,-0.00029378626,7.815562e-05,-0.00020620323,5.2586704e-05,5.7423007e-05,-4.0522656e-05,-0.0006324196,-2.4269031e-05,9.378888e-05,-8.186308e-05,6.0944276e-05,-0.00029446703,1.7661067e-05,0.00056407455,9.0242545e-05,0.0012652567,0.00032158758,0.0011416356,-0.004281393,0.00059833116,-0.0009848415,0.00013743505,-0.0020711457,0.037789084,0.000425327,4.5609817e-05,0.0029282148,-0.00022196767
CH*BU,-0.03225570191987755,0.047047462,0.49296589426506354,-5.676765e-05,-3.4306737e-05,-4.9910952e-05,-0.00028507164,3.8450886e-05,-2.6868645e-06,7.854622e-06,8.194616e-06,3.6696194e-05,-8.107161e-06,5.6680124e-06,-8.404423e-05,0.00019801992,3.2305947e-05,-3.488181e-06,6.873115e-05,-1.9764927e-06,3.678387e-05,-3.1927353e-05,-3.15294e-05,4.991976e-05,-1.2733932e-05,-8.297202e-06,-1.8727116e-05,-8.089485e-06,1.3829425e-05,1.2177215e-05,-0.0020624525,0.0006134688,0.00019133116,0.0004451174,0.0013324317,5.02151e-05,0.00014346221,-0.0005532509,0.00011451416,0.0022134637,6.435914e-05,-1.609117e-05,-0.00022257773,5.3413758e-05,8.282689e-05,0.000105828745,-0.0024539358,-6.986892e-05,8.248913e-06,7.232869e-05,1.7929706e-05,7.4348573e-06,8.054041e-06,-2.2697615e-05,3.7315072e-05,9.656873e-06,-1.1759939e-06,6.531768e-05,0.00046813933,-1.4850493e-06,-2.0069883e-05,-3.485893e-05,0.00040584648,-5.3573756e-05,-5.5750625e-05,9.220129e-05,0.0004911932,-0.00022262582,-5.165304e-06,-0.00024933091,0.001965366,-3.131604e-05,1.0391371e-05,-0.0010627143,3.4299214e-06
