Param name,Param value,Param stdv,Param p-value,BT,BV,CD,CH,BU,CS,CA,DP,BT*BT,BT*BV,BT*CD,BT*CH,BT*BU,BT*CS,BT*CA,BT*DP,BV*BT,BV*BV,BV*CD,BV*CH,BV*BU,BV*CS,BV*CA,BV*DP,CD*BT,CD*BV,CD*CD,CD*CH,CD*BU,CD*CS,CD*CA,CD*DP,CH*BT,CH*BV,CH*CD,CH*CH,CH*BU,CH*CS,CH*CA,CH*DP,BU*BT,BU*BV,BU*CD,BU*CH,BU*BU,BU*CS,BU*CA,BU*DP,CS*BT,CS*BV,CS*CD,CS*CH,CS*BU,CS*CS,CS*CA,CS*DP,CA*BT,CA*BV,CA*CD,CA*CH,CA*BU,CA*CS,CA*CA,CA*DP,DP*BT,DP*BV,DP*CD,DP*CH,DP*BU,DP*CS,DP*CA,DP*DP
BT,1.0087138212381588,0.074157245,3.876981046986215e-42,0.0054992973,0.0014259815,6.611641e-05,0.0005348408,0.0036663096,0.0003998979,-5.8477926e-05,-7.015881e-05,-0.0029992398,-0.002385243,-0.004070762,-0.0038808766,-0.0049060476,-0.0002078363,-0.0013283922,0.00028402594,-0.0002634426,-0.0015099457,-0.0008085544,-0.00029764243,-0.00035077851,-0.0023995056,0.0005674398,0.0010569872,-1.3420568e-05,0.00093607255,-8.150467e-05,-0.0003110027,-1.6806713e-05,0.00033456247,-3.8631864e-05,-0.00024009253,6.5485324e-06,0.001088545,-0.00051567005,-0.003922933,-6.1718183e-06,0.00041982887,-4.725682e-06,-0.000533083,-0.001866677,-0.002748458,-0.0026606927,-0.00031395518,-0.0026627616,-0.0020192398,-0.002203203,-0.0024231665,2.2872093e-05,-0.00067689177,-0.0003042485,-0.00012898177,-4.193218e-05,-0.00078921666,6.619773e-05,-0.0029311602,8.821256e-05,-0.00069376646,0.0002075197,-3.1937063e-05,-4.2286592e-06,-0.00035146886,0.0017048656,8.9275985e-05,0.00034818784,-3.0255838e-05,0.00023650264,0.0005150577,-0.0009932853,0.00025917665,0.0011255511,0.00034968404
BV,0.7352237728023451,0.038329832,5.283143746879581e-82,0.0014259815,0.0014691761,-1.5192171e-05,9.9713914e-05,0.0016134824,0.00038961723,-7.703999e-05,6.8625586e-06,-0.0007842423,-0.0005194467,-0.0010827016,-0.0010701609,-0.0008758295,-4.4334e-05,-0.0017360126,-4.9883405e-05,-0.00067747984,-0.0014257685,-0.0012571642,-0.0007524496,-0.0014100972,-0.0033814993,6.631496e-05,0.00067537784,-2.1557506e-05,-0.0009369272,5.942235e-05,-0.000544183,-7.9021935e-05,-0.0003145829,8.345591e-05,0.00026150816,-5.671445e-06,-2.6611591e-05,-0.00024394631,-0.0007212246,-2.7172575e-05,-1.23253485e-05,1.4566873e-05,2.7979937e-05,-0.0007508403,-0.002317908,-0.0011984619,-0.0001771224,-0.0010764592,-0.0010160871,-0.0011382931,-0.001122606,-9.708594e-05,-0.0007757721,-0.00047752558,-0.00021430929,-6.3153966e-05,-0.0007455325,4.009838e-05,-0.0030995414,4.2467917e-05,-0.0007282462,5.661773e-05,-5.496586e-05,-9.653676e-06,-0.00035396047,0.0018349622,0.00046542785,5.555486e-05,-2.2976013e-05,1.23681075e-05,5.778874e-05,-0.00046219953,-5.9946542e-05,-0.00011917524,7.583878e-05
CD,0.5971738799680605,0.02744442,5.629067297214351e-105,6.611641e-05,-1.5192171e-05,0.00075319625,0.0003048479,-0.00011433677,1.3301132e-06,1.5277823e-05,4.2304055e-05,-1.4013815e-05,4.178528e-05,0.00015516326,-0.00014072968,-5.281058e-05,-8.682012e-06,-0.001210962,-3.0296296e-05,3.7287984e-05,1.0410071e-05,0.00017751142,7.317502e-05,-4.7973494e-06,9.5607975e-05,2.0417925e-05,3.2258344e-05,-0.00013931317,-0.00063798774,-0.00060395594,-0.0028577356,-0.00034708477,-0.001775931,-0.00021780783,-0.00316074,-6.973384e-05,0.0002351295,-0.0003255454,-0.0012721187,-9.305236e-05,-0.000107010696,-0.00053691806,-0.0010284677,8.9960966e-05,5.5613902e-05,0.00022872524,-1.9327796e-05,0.00010264852,3.529887e-05,-0.00012381206,5.0647064e-05,-1.8447794e-05,4.7660355e-06,0.00032384146,-8.788979e-05,-1.8193772e-05,3.489048e-05,-4.491822e-05,-1.4217186e-05,-3.890418e-05,-3.7379057e-05,0.000117297066,-5.981462e-05,-1.701679e-05,-6.9904585e-05,0.000107027314,-0.0002525559,-5.55371e-07,-2.4557865e-05,0.00012682973,-0.00027961846,-3.412847e-05,-0.00018002404,-0.0010989864,-2.7423654e-05
CH,0.4767685118733465,0.044782262,1.8129842946965176e-26,0.0005348408,9.9713914e-05,0.0003048479,0.0020054511,-3.8382906e-05,1.0208018e-05,-1.177007e-05,8.650338e-06,-0.00030032053,0.00029044636,-0.00020184627,-0.0001591695,-0.0003335709,-1.3421313e-05,-0.0013682818,-9.4295356e-05,5.785519e-05,-0.00011740733,0.00027626794,0.00018304867,-0.00011113886,-6.0462415e-05,8.929009e-05,0.00012732433,-3.6124886e-05,0.0017320073,-0.00039107705,0.001186839,0.00023800776,0.00010498842,-0.00094651914,-0.0019590834,-0.00062719465,0.0019506209,-0.001808453,-0.010044414,-0.0005001901,5.6790774e-05,-8.42266e-05,-0.0031114668,4.953375e-05,-0.00011753457,0.00021697886,-4.875021e-05,5.6334025e-05,-1.7219572e-05,6.80923e-07,3.3104472e-05,8.366613e-06,-2.2107926e-05,8.732229e-05,0.00011739022,-1.3439783e-05,3.8501307e-06,-1.5227429e-05,-0.00027913298,2.6048514e-05,-2.6644444e-05,1.7842143e-05,5.528482e-05,7.5060875e-06,2.1396985e-05,6.955274e-05,0.00033839676,1.5255875e-05,2.3114867e-06,0.00011945859,0.00050919276,2.3658236e-05,-5.525029e-05,0.00017509678,-5.1125324e-05
BU,0.9910870223888996,0.08180314,8.741573226701528e-34,0.0036663096,0.0016134824,-0.00011433677,-3.8382906e-05,0.006691754,0.00044193259,-7.990765e-05,-8.604854e-05,-0.0021079425,0.00024085367,-0.0028112005,-0.0027128716,-0.0010674464,-1.6236969e-05,-0.006364078,-0.0003574789,-0.00035617212,-0.0018120946,-0.0014092634,-0.0003408455,0.0004902246,-0.002550844,0.0010190939,0.0015895854,-3.1776122e-05,-0.0010129629,0.00016224098,0.0005343106,-0.0003082074,-0.00014319214,0.00037565103,0.0009741445,6.5935e-05,-7.51647e-05,0.0001438514,-0.00026853426,2.0759315e-05,0.00015787817,0.00020220068,0.0010487938,-0.0030670597,-0.0040231533,-0.005215517,-0.0005450891,-0.0052841986,-0.0036176117,-0.00222817,-0.0041143303,-3.792833e-05,-0.00081129384,-0.00045074604,-4.484175e-05,-2.8171384e-05,-0.0009346068,0.00013938361,-0.0029168837,7.3714305e-05,-0.0007597408,0.00017799257,-2.929618e-06,2.7187605e-05,-0.00033669893,0.0018370977,0.0013745014,0.000117671894,-0.00014565923,3.5859062e-05,-0.0007569338,-0.0020892192,0.000100308884,0.0020994137,0.0010188626
CS,0.52180686397268,0.026948819,1.5874338851956813e-83,0.0003998979,0.00038961723,1.3301132e-06,1.0208018e-05,0.00044193259,0.0007262389,-3.220615e-06,2.4431332e-05,-0.00021993404,-0.00014198726,-0.00032200938,-0.0002786339,-0.00023894385,-2.5186167e-05,-0.0004247601,1.5915797e-05,-0.00017868556,-0.00036656644,-0.00033759692,-0.00023287264,-0.0003661276,0.00081258384,-2.936613e-05,0.0001364991,-9.677474e-06,-0.00030654552,1.46091825e-05,-0.00020663276,-4.317419e-05,-0.0005177693,4.692913e-05,3.9718638e-05,-1.1632981e-05,-5.5382854e-05,-5.4981763e-05,-6.842065e-05,-1.6970962e-05,-0.00019746716,-4.1795232e-05,5.8898935e-05,-0.0001986565,-0.0005924787,-0.00032194259,-3.564932e-05,-0.00028893456,-0.00026306542,-0.00033070217,-0.00028483695,-0.00027817546,-0.00034310366,-0.0010821167,-0.0004359599,-0.0001314144,-0.0013744243,7.567183e-05,-0.005463901,-1.3885956e-05,-0.00023080001,-1.7650353e-06,-8.588719e-05,-1.8681329e-05,-0.00017535745,0.00055766915,-0.00020502936,1.3139022e-05,-7.9835354e-07,-4.022425e-05,0.00018656085,-7.8220066e-05,-5.1571415e-06,-0.00036098788,-9.8011165e-05
CA,0.24945959498601872,0.02268579,3.981661775508279e-28,-5.8477926e-05,-7.703999e-05,1.5277823e-05,-1.177007e-05,-7.990765e-05,-3.220615e-06,0.0005146451,2.6769016e-05,3.94991e-05,3.296531e-05,4.0401268e-05,3.227475e-05,3.8960035e-05,-3.4429704e-06,0.00071172515,-2.969098e-06,4.0540257e-05,8.837414e-05,9.475802e-05,2.2315562e-05,8.743607e-05,0.0002163928,-8.701361e-05,-6.461847e-05,-5.614776e-06,8.081685e-05,-1.3309668e-06,-0.00020286748,-3.0889212e-05,-5.988993e-05,9.3503295e-05,-6.4803506e-05,2.0286727e-06,-1.7662507e-05,1.914436e-06,0.00011479949,-3.9151582e-06,-3.0526626e-05,-2.21172e-05,-5.1577927e-06,3.6593483e-05,0.00014834509,3.7137746e-05,-2.6762635e-05,7.691144e-05,1.8224833e-05,6.16501e-05,2.6647282e-05,-5.3107174e-06,4.12056e-05,6.070399e-06,-5.4948956e-05,-7.863695e-06,4.1344607e-05,5.182759e-07,-0.00020789054,-0.0002529266,-0.00024682595,-0.0005204707,-0.00028081422,-0.00011495679,-0.00031820155,-0.002060448,-0.003109349,-1.5057838e-05,-2.141755e-05,-6.293091e-05,-0.000339601,-4.8840906e-05,-0.0001734372,0.0060538636,1.8940362e-05
DP,0.3171882137613753,0.017676005,5.292386908944005e-72,-7.015881e-05,6.8625586e-06,4.2304055e-05,8.650338e-06,-8.604854e-05,2.4431332e-05,2.6769016e-05,0.00031244115,4.54923e-05,-8.8024075e-07,6.4164604e-05,-2.925243e-06,-3.308988e-06,-4.8674424e-06,1.588355e-05,4.3845463e-05,-1.8214976e-05,4.357529e-05,-7.583696e-06,-0.00011148524,-7.678612e-05,-0.00017364108,-0.00019843483,-8.8164095e-05,-4.614514e-06,-4.2763622e-05,-2.4174486e-05,-0.00045567992,-6.495261e-05,-0.00014008034,-9.929931e-05,0.0013952135,-1.6181952e-05,-5.5031844e-05,-1.850075e-05,8.403623e-05,-1.543661e-05,-7.6116245e-05,-8.377548e-05,0.00072025013,3.919751e-05,0.000103100494,8.1962644e-05,4.2616586e-05,2.9212913e-05,0.00010607305,0.00010331827,0.00033858707,-2.7477523e-05,-2.393701e-05,-7.191512e-05,-0.00014250203,-3.0811683e-05,6.460703e-06,-5.1173993e-05,0.0015003367,-2.3952829e-05,-9.387658e-05,-7.5817166e-05,-0.00011114649,-3.9224225e-05,-0.00013665833,0.00025271048,0.001162077,-0.00014517398,-6.969084e-05,-0.00045217987,-0.0003024015,5.2220945e-05,-0.00086792663,-0.004028664,-0.00084330846
BT*BT,-0.5655611675640888,0.044219106,1.865392355369735e-37,-0.0029992398,-0.0007842423,-1.4013815e-05,-0.00030032053,-0.0021079425,-0.00021993404,3.94991e-05,4.54923e-05,0.0019553294,0.00042088027,0.002102002,0.0016392954,0.0024018823,-7.236988e-05,-0.0008001626,-0.00039420085,0.00022020987,0.00084198115,0.00039559603,0.00012031623,0.00014094627,0.0012485636,-0.0003605201,-0.0006272112,3.7231075e-05,-0.00070057483,4.1480773e-05,5.119521e-05,-6.270264e-05,-0.00029290834,-5.8001388e-05,-0.00013387649,5.0486025e-05,-0.00079686154,0.00020721662,0.0025584777,-3.438642e-05,-0.00042932597,-0.00023773633,7.865775e-05,0.0011964998,0.0014942886,0.0013672919,3.694073e-05,0.0015865222,0.0010234124,0.00088203786,0.001328279,5.7517344e-05,0.00036559172,0.00013313894,6.5229324e-05,1.8368379e-05,0.0004379418,-4.2505533e-05,0.0016547547,5.0325493e-06,0.00034249265,-0.00017896271,-3.901904e-05,-1.2482138e-05,0.00013171586,-0.0008007329,-0.00023816049,-0.00013496642,1.3220758e-05,-0.00016277336,-0.00034463158,0.00055720424,-0.00016302601,-0.0007963128,-0.0002031504
BT*BV,-0.24296058759693429,0.15671775,0.12106789898162534,-0.002385243,-0.0005194467,4.178528e-05,0.00029044636,0.00024085367,-0.00014198726,3.296531e-05,-8.8024075e-07,0.00042088027,0.024560453,0.0014270621,-0.00071297184,0.0030891704,0.00052499934,0.003944542,0.0003608458,0.0021770657,0.0007385108,0.00013623534,-0.0003235656,0.00062110025,-0.00037898868,-0.001011845,-0.0011255782,-0.00010410818,0.0009899292,-0.00024788085,3.724326e-06,0.0003468658,0.0010498152,0.00020543404,0.00039418085,-0.00014495729,0.00138546,-0.0001110124,-0.0035439227,0.00012542719,0.0009913299,0.0008173176,0.00040528187,7.540116e-05,0.0012051268,6.418637e-07,0.0006556804,-0.000687166,0.00062755396,0.0016614032,0.00032517544,-0.00012904637,0.0001538449,0.0005467927,0.00039623262,7.4034535e-05,0.00016849853,0.00011022788,0.0022189873,-0.0002916947,0.00042679234,0.00025604368,0.00015787472,6.732885e-05,0.0003730041,-0.0015305082,0.000526521,-0.0001679145,3.9345146e-06,-3.390954e-05,0.00028466084,8.8254965e-06,0.00017930639,0.00031219947,-1.8039285e-05
BT*CD,-0.7325126020565687,0.08422614,3.40849287165797e-18,-0.004070762,-0.0010827016,0.00015516326,-0.00020184627,-0.0028112005,-0.00032200938,4.0401268e-05,6.4164604e-05,0.002102002,0.0014270621,0.007094042,0.0014143301,0.00234879,0.00035088148,-0.01270483,-0.00030128015,0.00012325369,0.0010759577,0.0013515076,0.0004532499,0.00024086014,0.002143423,-0.00011292709,-0.00049662025,0.00016861061,0.00019924229,0.00013076898,0.00072777906,0.00016805527,-0.0012096408,0.00038412292,-0.0015674473,-0.000119324024,-0.00033805124,0.0014377832,0.0013599028,-0.00010384678,-0.0003973714,-0.0010028818,-0.0009547149,0.00095412973,0.0020774982,0.0044942973,-0.000106912994,0.0018035681,0.0014783469,0.0008210125,0.0018755767,-1.2905943e-07,0.00054840394,0.00059361977,0.00029791344,3.936416e-05,0.0005872244,1.3701358e-05,0.0031374232,-0.0001728229,0.00059050025,0.00048148207,-4.7616264e-05,-7.015646e-06,0.00031185165,-0.0015500564,-0.0008423458,-0.0002625206,4.525146e-05,-0.00019064135,-0.0001650333,0.00090754416,-6.932428e-05,-0.0026077062,-0.0003913543
BT*CH,-0.581361816272225,0.27664942,0.035602464814242486,-0.0038808766,-0.0010701609,-0.00014072968,-0.0001591695,-0.0027128716,-0.0002786339,3.227475e-05,-2.925243e-06,0.0016392954,-0.00071297184,0.0014143301,0.0765349,-0.0021522832,-0.0016072616,-0.06859577,-0.0069010365,-0.00023420887,0.0010355365,0.0010896827,0.00082321255,0.00021383229,0.002795123,1.650342e-05,-0.0004232496,3.6152553e-05,0.0009892284,-0.00011189791,0.014570289,-0.0010506194,0.0008619043,-0.00048503696,0.0021096962,0.0019137713,-0.002767996,-0.00037360782,0.007503815,-8.876061e-05,-0.0017369499,-0.000857299,0.0013544868,0.0006855575,0.0025856239,0.0018039586,0.005551727,0.00095248176,0.0051884535,0.008943261,0.004082747,-0.00036914847,0.0005617684,0.00040995897,-0.00088326394,-3.8376358e-05,0.0008619388,-0.00034950918,-0.0032502702,-0.00027174928,0.0009391694,-0.00034715206,0.0014158054,0.0001025246,0.0010222723,-0.0031069291,0.0052921795,-0.00041018854,6.141217e-05,0.0002856953,-0.00017669343,0.00081574626,-0.00079973787,0.009233569,-0.00025887525
BT*BU,-0.5457716125994589,0.110445805,7.751061092228651e-07,-0.0049060476,-0.0008758295,-5.281058e-05,-0.0003335709,-0.0010674464,-0.00023894385,3.8960035e-05,-3.308988e-06,0.0024018823,0.0030891704,0.00234879,-0.0021522832,0.012198276,0.00010667069,-0.0035870967,-0.0012058262,5.647541e-05,0.00076892565,0.00017724161,0.0005545846,0.0010474828,0.002300211,0.0002546757,-3.8361504e-05,-4.2615102e-05,-0.0015190673,-1.6900765e-05,-0.00057169603,0.0004515252,-6.243291e-05,-9.9383935e-05,0.0026153114,-0.00015098116,3.378486e-05,0.00054527516,0.0009947192,0.00025685315,0.0006143013,0.0011222631,0.002007825,0.0027194195,0.0011934936,-0.00027748742,-0.0006101183,0.0012387834,-0.00034934218,-0.0005989104,0.00013914166,-4.0326253e-05,0.00048735188,0.0002012854,0.00048842985,0.00010009121,0.00031650648,0.00012597576,0.0031283488,-6.036789e-06,0.0004646162,-0.00033232092,0.00011999715,7.902733e-05,0.00034723376,-0.0013289618,0.0017669873,-0.0005221746,-3.6512065e-05,0.00024825192,-0.001013927,2.541674e-06,5.3721917e-05,0.0029713812,0.00028999444
BT*CS,-0.003592277633395353,0.07998005,0.9641753242145477,-0.0002078363,-4.4334e-05,-8.682012e-06,-1.3421313e-05,-1.6236969e-05,-2.5186167e-05,-3.4429704e-06,-4.8674424e-06,-7.236988e-05,0.00052499934,0.00035088148,-0.0016072616,0.00010667069,0.0063968087,-0.0028895685,-0.00011833718,-4.1659132e-05,3.234504e-05,6.618644e-05,6.295721e-05,5.2712112e-05,0.00015861067,4.1322714e-05,2.097932e-05,-1.3243305e-05,0.00017768689,-9.878675e-06,-0.00033771317,7.480052e-05,0.00023060483,6.220504e-05,0.00020023361,-3.958316e-05,0.0001942542,-2.3154922e-05,-0.00033049338,5.530834e-05,0.00033139042,0.0003923805,0.00047198555,-5.0850427e-05,0.00010316733,6.1808874e-05,0.00024158874,-8.2331906e-05,0.00037204823,0.00070972764,0.00015274243,0.00015471457,1.7547041e-05,-1.3930357e-06,-0.00024205146,-2.8106117e-05,0.00013690398,-9.684044e-05,-0.0009208059,-5.0023904e-05,7.658925e-05,4.2200772e-05,8.154841e-05,2.098914e-05,0.000119197764,-0.00028008854,0.00045232498,-2.5141138e-05,3.93154e-06,1.5354253e-05,0.00013773124,1.745528e-05,-0.00015199077,0.0006126488,-1.7548471e-06
BT*CA,-1.200384738073143,0.78950953,0.12840588015720877,-0.0013283922,-0.0017360126,-0.001210962,-0.0013682818,-0.006364078,-0.0004247601,0.00071172515,1.588355e-05,-0.0008001626,0.003944542,-0.01270483,-0.06859577,-0.0035870967,-0.0028895685,0.6233253,0.000348071,0.00041222686,0.0017045897,0.0026675693,0.0012002975,-0.00046439224,0.004846241,7.5082906e-05,-0.0008221044,-0.0005578569,0.00453978,0.0010078435,0.00525704,0.00023953774,0.0075540384,0.008033618,-0.00093393266,-0.00083411817,0.0011038857,-0.00014767885,0.003059832,0.0010933643,0.005266227,0.019881,0.006808366,0.002838015,0.0047964877,0.004933088,0.0053008846,0.0028441395,0.010734667,0.038185544,0.0058405795,-0.00047997254,0.001055099,0.0030104353,-0.0011287382,4.1654e-05,0.0011006545,-0.00025936624,-0.0023014208,0.0036906295,0.0005528032,-0.001384514,-0.00073065277,-2.4771234e-05,-0.00010948041,-0.0040231557,-0.012022124,-1.1025171e-05,0.00025606103,-0.0010942972,0.0041252067,0.0027889414,-0.00043330874,-0.0032653012,-0.0014553218
BT*DP,0.0069369404910836945,0.1836837,0.9698745043067141,0.00028402594,-4.9883405e-05,-3.0296296e-05,-9.4295356e-05,-0.0003574789,1.5915797e-05,-2.969098e-06,4.3845463e-05,-0.00039420085,0.0003608458,-0.00030128015,-0.0069010365,-0.0012058262,-0.00011833718,0.000348071,0.0337397,-2.569894e-05,5.978324e-05,8.591745e-05,2.9752187e-05,-7.9022015e-05,0.0001674677,-4.55774e-05,-1.2093116e-05,9.408862e-06,0.00026282165,-9.114853e-06,-0.0013923759,0.00024658683,-3.0154675e-05,-0.00028472993,0.0013429021,-1.15093e-05,0.00038941085,-0.00015416474,-0.00046189665,0.00017080319,0.00065367017,0.0005741487,0.002520772,5.080641e-05,0.00033304733,0.00054320775,0.0007160652,7.1129805e-05,0.000849295,0.00083237607,0.00085988274,-6.3674604e-05,1.3611946e-05,-9.6129734e-05,-0.00019130131,-1.1045279e-05,1.4881759e-05,-5.686375e-05,-0.0013330717,3.0281995e-05,3.5591373e-05,-0.0002687588,-3.3950044e-05,8.6561334e-07,3.409283e-05,-0.00010906732,0.0020000986,0.00010163423,-4.77343e-05,-0.00011458395,-0.0005155501,-0.00011734257,-0.0004884478,0.0020012925,0.00010988455
BV*BT,-0.34146888535506825,0.027341688,8.578175266782464e-36,-0.0002634426,-0.00067747984,3.7287984e-05,5.785519e-05,-0.00035617212,-0.00017868556,4.0540257e-05,-1.8214976e-05,0.00022020987,0.0021770657,0.00012325369,-0.00023420887,5.647541e-05,-4.1659132e-05,0.00041222686,-2.569894e-05,0.00074756786,0.0006087703,0.0005140091,0.00042012264,0.0008056251,0.0016395628,0.00014845496,-0.00015978015,1.5002606e-05,0.000480843,-8.090154e-05,0.00026978494,6.311734e-05,0.00031945165,-6.917956e-05,-0.0002999433,1.9587887e-05,0.00020361967,1.381466e-05,-0.00038326468,8.924104e-06,7.292722e-05,-5.737468e-05,-0.0001806525,0.00027654567,0.0008981174,0.00021973821,7.3145646e-05,0.00016819821,0.00029726504,0.00036242208,0.00029335328,9.03277e-05,0.00033141984,0.000295152,0.00018196595,4.3311957e-05,0.00031523113,1.0450664e-05,0.001733258,-1.807086e-05,0.00033193405,1.6446176e-06,9.348244e-06,5.907827e-06,0.00014948432,-0.0008470362,-0.00028650207,3.766912e-05,5.379024e-06,1.8599632e-05,7.635326e-05,0.000112424175,0.0001297799,0.0003420784,2.2698161e-05
BV*BV,-0.5185075688847658,0.041884005,3.36984206965957e-35,-0.0015099457,-0.0014257685,1.0410071e-05,-0.00011740733,-0.0018120946,-0.00036656644,8.837414e-05,4.357529e-05,0.00084198115,0.0007385108,0.0010759577,0.0010355365,0.00076892565,3.234504e-05,0.0017045897,5.978324e-05,0.0006087703,0.0017542698,0.0013599903,3.4804023e-05,0.0011691261,0.0020233162,-0.0015191662,-0.0019528217,1.3754251e-05,0.0014826444,-4.798833e-05,0.00017945729,8.768888e-06,0.0001872365,-9.5112955e-05,-0.00013206374,1.4120559e-05,4.373159e-05,0.00018164299,0.0008561661,1.2830348e-05,-2.423439e-05,-4.077014e-05,-4.529572e-05,0.0007974358,0.0029649802,0.0012279464,0.000103077786,0.0012221389,0.001078451,0.0009925584,0.0012438002,7.2595954e-05,0.0008100215,0.00035292248,9.1323695e-05,3.077403e-05,0.00074339175,-8.01934e-05,0.0025879603,-4.999186e-05,0.0007300626,-8.68936e-05,6.638302e-05,7.700459e-06,0.00038893614,-0.0020253,-0.00045024074,-8.019549e-05,2.8279881e-05,-0.00011338189,-0.00025868334,0.0005139592,-0.00018291594,-0.00096950505,-0.0002141398
BV*CD,-0.7089785281791046,0.06296921,2.0880872529775745e-29,-0.0008085544,-0.0012571642,0.00017751142,0.00027626794,-0.0014092634,-0.00033759692,9.475802e-05,-7.583696e-06,0.00039559603,0.00013623534,0.0013515076,0.0010896827,0.00017724161,6.618644e-05,0.0026675693,8.591745e-05,0.0005140091,0.0013599903,0.003965121,0.00023287453,0.000859413,0.0018999047,-0.0007309431,-0.0012529314,-4.3317752e-05,0.0071587525,-7.245983e-05,-0.0024342043,-0.00018478499,-0.00033945392,-0.0005193261,-0.0011044083,-4.9829334e-05,0.0009812784,1.0752097e-05,-0.0024486785,7.267213e-05,0.0005752361,0.0005073794,5.634983e-06,0.00054184825,0.0019001702,0.002043291,0.0003876652,0.0008115105,0.0011030273,0.0017503103,0.0012283127,0.00010289301,0.0005826376,0.0010265206,0.00038397982,0.000101547215,0.00057314907,4.4407363e-05,0.0032065485,5.4746615e-06,0.00061645155,-9.626146e-05,7.206949e-05,5.586707e-06,0.00034774162,-0.0018270368,0.00010855652,-5.764955e-05,3.0301671e-05,0.00023871161,0.00028544475,0.00052292855,0.0001811382,0.002265394,-0.00021742778
BV*CH,-0.6461044988067031,0.081766464,2.748434365504534e-15,-0.00029764243,-0.0007524496,7.317502e-05,0.00018304867,-0.0003408455,-0.00023287264,2.2315562e-05,-0.00011148524,0.00012031623,-0.0003235656,0.0004532499,0.00082321255,0.0005545846,6.295721e-05,0.0012002975,2.9752187e-05,0.00042012264,3.4804023e-05,0.00023287453,0.0066857543,0.001007464,0.0038007216,0.0026569243,0.0020177658,2.3474571e-05,-0.00044605267,-0.00015203163,0.0011126902,0.00033649115,0.00063897716,-9.770637e-05,-0.0005188177,-0.00013627698,0.003985355,-0.00011150903,-0.0008676492,-6.808018e-05,-2.6539003e-05,-0.00012606657,-0.0005397394,0.0003005949,-0.0002782709,0.0006525389,0.00033915287,0.00016371904,0.00043737132,0.0010707612,0.00035787866,0.00011328702,0.00023541636,0.0006043469,0.00047307432,0.00011738142,0.00032937847,9.788984e-05,0.0030426364,-8.979342e-06,0.00031651938,5.3229112e-05,-2.3737362e-05,6.0803804e-06,8.254311e-05,-0.00049999956,-0.00026467294,3.940168e-05,8.226203e-06,0.00026156846,0.0006256692,0.00016341645,0.00066484703,0.0028905172,0.00018068725
BV*BU,-0.41955345704586056,0.057167143,2.1508885208270037e-13,-0.00035077851,-0.0014100972,-4.7973494e-06,-0.00011113886,0.0004902246,-0.0003661276,8.743607e-05,-7.678612e-05,0.00014094627,0.00062110025,0.00024086014,0.00021383229,0.0010474828,5.2712112e-05,-0.00046439224,-7.9022015e-05,0.0008056251,0.0011691261,0.000859413,0.001007464,0.0032680822,0.0038201248,0.00067773304,-2.7381235e-05,1.7089455e-05,8.126204e-05,-4.969343e-05,0.0012869928,8.456077e-05,0.0005113502,3.6654135e-05,0.00010651867,1.140765e-05,2.696057e-05,0.00045010084,0.00053402345,6.381378e-05,0.00016367646,0.00010737016,0.00047852704,-0.00022761094,0.0026980133,-0.00051002856,-9.8494216e-05,-0.00019561725,-0.00050029857,-1.0318624e-05,-0.0004344313,0.00013544198,0.0006907115,0.0005837088,0.00041595573,0.00012128497,0.00061358744,5.348103e-05,0.0038029088,-3.4342174e-05,0.0006843035,-1.7704968e-05,4.7489964e-05,2.6474127e-05,0.00031863005,-0.0017620231,-0.00015535521,-7.402934e-06,-2.756705e-05,0.00012384879,-0.00010749644,-0.0002732401,0.00036865892,0.0022844297,0.00036024654
BV*CS,-0.8199978888035886,0.1888939,1.4180335463682072e-05,-0.0023995056,-0.0033814993,9.5607975e-05,-6.0462415e-05,-0.002550844,0.00081258384,0.0002163928,-0.00017364108,0.0012485636,-0.00037898868,0.002143423,0.002795123,0.002300211,0.00015861067,0.004846241,0.0001674677,0.0016395628,0.0020233162,0.0018999047,0.0038007216,0.0038201248,0.035680905,0.0046995804,0.0026852416,8.689717e-05,-0.0011665098,-0.00022491776,0.0032302986,0.00054020545,-0.00025433226,-8.5785774e-05,-0.0019206001,-0.00010252962,-0.00013433269,0.0007913445,0.0006299933,8.478116e-05,-0.00035284174,-0.00017450859,-6.326946e-05,0.0015489161,0.0025675986,0.0025299776,0.0010069072,0.0015364488,0.002291968,0.0036458685,0.0021518646,-0.00041266446,0.005982183,-0.0012154304,-0.00031241548,-8.653925e-05,-0.0015366294,0.00013719357,-0.0038553483,-0.00015012585,0.0013949216,-4.4982728e-05,-0.0002783348,-4.8636528e-05,0.0002627663,-0.0030352916,-0.0024081557,-1.4646324e-05,9.21672e-05,0.00024956954,0.0021837163,0.00111791,0.001496911,0.005824655,-0.00017949064
BV*CA,-0.4693628429199503,0.109329335,1.7618780736828e-05,0.0005674398,6.631496e-05,2.0417925e-05,8.929009e-05,0.0010190939,-2.936613e-05,-8.701361e-05,-0.00019843483,-0.0003605201,-0.001011845,-0.00011292709,1.650342e-05,0.0002546757,4.1322714e-05,7.5082906e-05,-4.55774e-05,0.00014845496,-0.0015191662,-0.0007309431,0.0026569243,0.00067773304,0.0046995804,0.011952904,0.0050995485,3.0368452e-05,-0.0025828134,-4.0614308e-05,0.0014985047,0.00029506296,0.00051596534,6.8158035e-05,-0.00046283362,-3.9032046e-05,-9.849375e-05,0.00023927412,-0.00066214084,5.6116856e-05,0.00014467162,0.00012803308,8.8061584e-05,-0.00029961497,-0.0029494613,-0.00022491036,0.00030404452,-0.00073769205,-0.0003666052,0.0005663991,-0.00061771635,8.522539e-05,-0.000275777,0.00046075383,0.0004900596,0.00012788833,-0.00012619593,0.00017669592,0.0016807059,3.897339e-05,0.00029854898,0.00010311861,-0.00012631081,-1.8876373e-05,-0.0005463466,0.0025892572,1.8400357e-05,0.000102359045,-2.7428265e-05,0.00040398652,0.0008116405,-0.0002744003,0.0009724534,0.004751319,0.0005572815
BV*DP,-0.24054742730135698,0.10126734,0.017531352117523095,0.0010569872,0.00067537784,3.2258344e-05,0.00012732433,0.0015895854,0.0001364991,-6.461847e-05,-8.8164095e-05,-0.0006272112,-0.0011255782,-0.00049662025,-0.0004232496,-3.8361504e-05,2.097932e-05,-0.0008221044,-1.2093116e-05,-0.00015978015,-0.0019528217,-0.0012529314,0.0020177658,-2.7381235e-05,0.0026852416,0.0050995485,0.010255074,1.5310394e-05,-0.0028722777,-2.3285365e-05,0.0009843282,0.00020981378,0.00026494678,6.6626824e-05,0.0004245088,-5.6467106e-05,-0.00014362516,0.00012534448,-0.0008695894,3.6725476e-05,9.112544e-05,7.001065e-05,0.0006281977,-0.00056394056,-0.003652044,-0.0006599911,0.0002539233,-0.0011274948,-0.0007096831,0.000113635826,-0.0010578021,2.1351454e-05,-0.0005978235,0.00020576835,0.00030605623,8.202358e-05,-0.0004035703,0.00015929765,0.0009879107,2.857137e-05,-0.00047550455,0.00011321984,-0.0001474626,-2.308187e-05,-0.00041318912,0.0018540983,0.00073938974,8.488175e-05,0.0007534413,0.0002551867,0.00047273817,-0.0005700989,0.0005526467,0.002952402,0.0005987499
CD*BT,0.005227620295289049,0.02341878,0.8233616239652681,-1.3420568e-05,-2.1557506e-05,-0.00013931317,-3.6124886e-05,-3.1776122e-05,-9.677474e-06,-5.614776e-06,-4.614514e-06,3.7231075e-05,-0.00010410818,0.00016861061,3.6152553e-05,-4.2615102e-05,-1.3243305e-05,-0.0005578569,9.408862e-06,1.5002606e-05,1.3754251e-05,-4.3317752e-05,2.3474571e-05,1.7089455e-05,8.689717e-05,3.0368452e-05,1.5310394e-05,0.0005484393,3.2373086e-05,2.1153091e-05,-0.0013667409,-1.0311419e-05,-0.0001700161,-5.999256e-05,0.0007344008,0.00012298558,0.00015259765,3.6974117e-05,-0.00026461598,1.7276794e-06,0.00014321029,0.00010403169,-1.0919242e-05,4.7567817e-05,2.9430277e-05,4.9149327e-05,-2.564559e-05,4.4424364e-06,4.4323942e-06,-6.964899e-05,1.444267e-05,7.631957e-06,1.959358e-05,-7.525587e-05,4.7877846e-05,7.2095218e-06,7.799903e-06,1.6128757e-05,0.00019766606,3.2557887e-06,4.688696e-05,3.012632e-05,4.342671e-05,1.2102438e-05,5.6956713e-05,-0.00014574353,-0.0001516815,4.655126e-05,1.2036619e-06,-4.4871478e-05,-7.306137e-05,1.1356989e-05,3.844016e-05,-0.00057531544,5.6894783e-06
CD*BV,1.0447901346529114,0.22843148,4.790547916701901e-06,0.00093607255,-0.0009369272,-0.00063798774,0.0017320073,-0.0010129629,-0.00030654552,8.081685e-05,-4.2763622e-05,-0.00070057483,0.0009899292,0.00019924229,0.0009892284,-0.0015190673,0.00017768689,0.00453978,0.00026282165,0.000480843,0.0014826444,0.0071587525,-0.00044605267,8.126204e-05,-0.0011665098,-0.0025828134,-0.0028722777,3.2373086e-05,0.05218094,-0.00147775,-0.012716142,-0.00110078,0.0024406968,0.00019742547,0.0021608656,-0.00013700471,0.0069340067,-0.0025222464,-0.01773356,0.00044362925,0.00398457,0.0042446395,0.0017710234,0.00013672764,0.0017956037,0.0025901243,0.00087959267,0.00030523012,0.0012884116,0.0029920703,0.0014539995,0.0002350959,0.0003715396,0.0010611531,0.0009230883,0.0001728079,0.0003582375,0.00023155683,0.0033705826,0.00026953517,0.0005143648,-0.0005571813,0.00022428256,4.2383476e-06,0.0004928227,-0.0019793522,0.001756489,-0.0001538208,0.00018379385,-0.00028392934,0.0023809692,0.0010308606,0.00060591847,0.008059814,-0.00087144214
CD*CD,-0.9901458885822367,0.039466023,6.629297437037536e-139,-8.150467e-05,5.942235e-05,-0.00060395594,-0.00039107705,0.00016224098,1.46091825e-05,-1.3309668e-06,-2.4174486e-05,4.1480773e-05,-0.00024788085,0.00013076898,-0.00011189791,-1.6900765e-05,-9.878675e-06,0.0010078435,-9.114853e-06,-8.090154e-05,-4.798833e-05,-7.245983e-05,-0.00015203163,-4.969343e-05,-0.00022491776,-4.0614308e-05,-2.3285365e-05,2.1153091e-05,-0.00147775,0.001557567,0.0016176132,-1.6453398e-05,-0.00049500936,-0.000584724,0.0007317886,5.8895428e-05,-0.00078194943,0.0006551469,0.0025450957,1.0667329e-05,-0.00028726456,8.849981e-05,0.00051648554,-0.00012632407,-0.00013599635,-9.888501e-05,-3.0931587e-05,-0.00013287849,-9.046354e-05,-3.3256358e-05,-0.00010902129,-3.7148056e-06,-3.8174963e-05,-0.00016632881,9.802523e-06,6.221389e-06,-4.5037123e-05,2.0752712e-05,-0.00019261993,-7.8779505e-07,-2.4593774e-05,-5.9602344e-06,7.0950755e-06,5.162359e-06,-5.182223e-06,4.167503e-05,8.51611e-05,1.06983025e-05,-2.5988982e-08,4.635367e-05,-9.2708855e-05,-5.900804e-05,6.204834e-05,0.00063414825,8.456166e-05
CD*CH,-1.474301702670319,0.4366392,0.0007342080287553132,-0.0003110027,-0.000544183,-0.0028577356,0.001186839,0.0005343106,-0.00020663276,-0.00020286748,-0.00045567992,5.119521e-05,3.724326e-06,0.00072777906,0.014570289,-0.00057169603,-0.00033771317,0.00525704,-0.0013923759,0.00026978494,0.00017945729,-0.0024342043,0.0011126902,0.0012869928,0.0032302986,0.0014985047,0.0009843282,-0.0013667409,-0.012716142,0.0016176132,0.19065377,-0.009058455,-0.017641801,-0.012154509,-0.0075493017,-0.00090669794,-0.007782121,0.014115541,0.013775302,-0.0019008068,-0.0072474657,-0.007832013,-0.00946701,-3.9836625e-05,0.0007598505,-0.0021354468,0.00039710343,-0.0010991922,0.0010133254,0.0039772233,0.00071335596,0.0004590268,0.0006008887,-0.0046507535,0.0018194681,0.00033792143,-0.00011970999,0.0007241827,0.0016192774,0.00073400285,0.0012382279,-0.00093555765,0.0013122944,0.00036321455,0.0018073065,-0.003557253,0.0033407323,0.00012426602,0.0004283929,0.00037598613,0.0055689793,0.0011124688,0.002106863,0.009661098,-0.00049764186
CD*BU,0.18318870875466886,0.077063374,0.017448520836077862,-1.6806713e-05,-7.9021935e-05,-0.00034708477,0.00023800776,-0.0003082074,-4.317419e-05,-3.0889212e-05,-6.495261e-05,-6.270264e-05,0.0003468658,0.00016805527,-0.0010506194,0.0004515252,7.480052e-05,0.00023953774,0.00024658683,6.311734e-05,8.768888e-06,-0.00018478499,0.00033649115,8.456077e-05,0.00054020545,0.00029506296,0.00020981378,-1.0311419e-05,-0.00110078,-1.6453398e-05,-0.009058455,0.005938764,-0.0033280212,-0.00086885586,-0.0058153956,-4.4317167e-05,0.001856465,-0.0005406942,-0.004376568,0.0005070382,0.00146081,0.0017154941,0.0017415285,7.644749e-05,3.6578913e-05,0.00072559656,-0.00021674263,0.00041280824,-0.000106619875,-0.0009067193,5.0891963e-06,9.1635775e-05,0.00010908332,-0.00042547545,0.00042532448,5.2777512e-05,-3.3885117e-05,0.0001364143,0.00090913044,7.132145e-05,0.00011151354,-0.00016986199,0.00017190429,2.9160234e-05,0.00015508519,-0.00019040801,0.0012127815,1.68308e-05,0.00010487638,-0.00041386054,0.0010251317,0.0004193577,0.0004831863,0.0039251777,-0.00028133672
CD*CS,0.5490786803967025,0.35129502,0.11804954327800282,0.00033456247,-0.0003145829,-0.001775931,0.00010498842,-0.00014319214,-0.0005177693,-5.988993e-05,-0.00014008034,-0.00029290834,0.0010498152,-0.0012096408,0.0008619043,-6.243291e-05,0.00023060483,0.0075540384,-3.0154675e-05,0.00031945165,0.0001872365,-0.00033945392,0.00063897716,0.0005113502,-0.00025433226,0.00051596534,0.00026494678,-0.0001700161,0.0024406968,-0.00049500936,-0.017641801,-0.0033280212,0.1234082,-0.0017296145,0.013646037,0.0005638492,0.0039941114,-0.0011093816,-0.008490506,0.0006786811,0.004733457,0.0055171433,0.001068494,0.00013324762,0.00048413116,-0.00050934945,0.00032335,-5.474771e-05,0.0003476078,0.0013197444,0.0002600796,3.0391539e-05,8.5120875e-05,0.0046426104,-0.0006973324,-0.00019306388,0.0014362029,-0.00055103377,0.0035402155,0.00033170226,0.0004103051,-0.00030013343,0.00043106667,7.4850686e-05,0.00035470468,-0.0009770108,-0.00064636144,-6.841958e-05,0.00014387585,0.00017348943,0.00018937042,0.0005795861,0.00094244303,0.0008856374,-0.00025886635
CD*CA,0.005999412696464244,0.3160349,0.9848543591944481,-3.8631864e-05,8.345591e-05,-0.00021780783,-0.00094651914,0.00037565103,4.692913e-05,9.3503295e-05,-9.929931e-05,-5.8001388e-05,0.00020543404,0.00038412292,-0.00048503696,-9.9383935e-05,6.220504e-05,0.008033618,-0.00028472993,-6.917956e-05,-9.5112955e-05,-0.0005193261,-9.770637e-05,3.6654135e-05,-8.5785774e-05,6.8158035e-05,6.6626824e-05,-5.999256e-05,0.00019742547,-0.000584724,-0.012154509,-0.00086885586,-0.0017296145,0.09987807,0.0010912033,0.00034687997,0.00017432768,0.0020323968,0.0021998195,0.00032279507,0.0010992313,0.0052039064,0.0015159483,-0.00031884116,-0.00018743878,-0.0002586453,0.0001431187,-0.0003257694,-0.00010407093,0.0008288085,-0.00015814215,3.0335352e-05,-3.8055045e-05,-0.00077508815,0.00013690905,3.1229065e-05,-0.00016117761,5.731341e-05,-0.0010047277,-9.160649e-05,-0.0005162475,0.00014516368,-0.00034435175,-0.00014450193,-0.0006609063,0.001790508,0.0021202415,-0.00012752134,5.329968e-05,5.1904786e-05,-0.0007642908,1.9992609e-05,0.0002783818,0.01232895,0.00011920814
CD*DP,-1.309191587338326,0.50924385,0.010144808024127828,-0.00024009253,0.00026150816,-0.00316074,-0.0019590834,0.0009741445,3.9718638e-05,-6.4803506e-05,0.0013952135,-0.00013387649,0.00039418085,-0.0015674473,0.0021096962,0.0026153114,0.00020023361,-0.00093393266,0.0013429021,-0.0002999433,-0.00013206374,-0.0011044083,-0.0005188177,0.00010651867,-0.0019206001,-0.00046283362,0.0004245088,0.0007344008,0.0021608656,0.0007317886,-0.0075493017,-0.0058153956,0.013646037,0.0010912033,0.2593293,-0.00030062298,0.0017359825,0.005977635,0.0017657605,0.0014111755,0.0017934594,0.0023071368,0.028919464,0.0005482077,-5.5107404e-05,-0.0031074844,0.0008253296,-0.00083212287,-0.00019440366,0.0038811387,-3.99116e-06,-0.0007864359,-0.000584955,0.0016284124,-0.003739474,-0.0006064946,0.0010004804,-0.0013219729,-0.00046080796,-0.0010777574,-0.00024316556,0.0035222874,-0.0013809021,2.1995198e-05,-0.0009873986,0.0010675194,0.010822947,-0.00082958466,-0.0011510511,0.015376987,-0.0052187378,-0.0036033993,-0.0067070364,-0.0260604,0.0009522413
CH*BT,-0.05102893610157344,0.037149414,0.16956171246560303,6.5485324e-06,-5.671445e-06,-6.973384e-05,-0.00062719465,6.5935e-05,-1.1632981e-05,2.0286727e-06,-1.6181952e-05,5.0486025e-05,-0.00014495729,-0.000119324024,0.0019137713,-0.00015098116,-3.958316e-05,-0.00083411817,-1.15093e-05,1.9587887e-05,1.4120559e-05,-4.9829334e-05,-0.00013627698,1.140765e-05,-0.00010252962,-3.9032046e-05,-5.6467106e-05,0.00012298558,-0.00013700471,5.8895428e-05,-0.00090669794,-4.4317167e-05,0.0005638492,0.00034687997,-0.00030062298,0.001380079,0.0002389543,-0.0003639476,0.000871053,0.000121477155,0.00038647628,-8.6225904e-05,0.00079608505,-4.8769387e-05,-2.0123289e-05,-2.7378803e-05,7.185498e-05,-5.163129e-05,-1.9605328e-05,2.4223476e-05,-1.7734024e-05,-1.0552151e-05,-1.5063542e-05,6.204895e-05,-6.208229e-05,-1.1143513e-05,5.120273e-05,-3.3250974e-05,1.7263503e-06,-6.3416496e-06,-1.8581366e-05,1.2047163e-05,-1.9414854e-05,-7.1902077e-06,-3.4508572e-05,7.52434e-05,0.00016595394,3.192038e-05,2.0336904e-05,-9.4310504e-05,-0.00012291111,5.395008e-05,0.00010433022,0.0011753488,-5.151712e-05
CH*BV,0.7628828721130936,0.16875896,6.167993101822627e-06,0.001088545,-2.6611591e-05,0.0002351295,0.0019506209,-7.51647e-05,-5.5382854e-05,-1.7662507e-05,-5.5031844e-05,-0.00079686154,0.00138546,-0.00033805124,-0.002767996,3.378486e-05,0.0001942542,0.0011038857,0.00038941085,0.00020361967,4.373159e-05,0.0009812784,0.003985355,2.696057e-05,-0.00013433269,-9.849375e-05,-0.00014362516,0.00015259765,0.0069340067,-0.00078194943,-0.007782121,0.001856465,0.0039941114,0.00017432768,0.0017359825,0.0002389543,0.028479585,-0.0013885206,-0.048591524,0.0007360378,0.01432704,0.01061611,0.005523651,0.00015212575,2.7206146e-05,0.00057044666,-8.883471e-05,0.00016675274,-0.00012809678,-0.0002320979,2.9382993e-06,-8.858554e-06,9.506e-06,0.00042841127,0.00035479883,-3.472609e-05,0.00018204536,-7.423379e-05,-8.376249e-05,-7.0632454e-06,4.460338e-05,0.00013675254,-1.451741e-05,1.5869744e-05,6.0592018e-05,-9.536996e-05,0.00045496237,8.116506e-05,7.872218e-05,0.0004893084,-0.0006748752,0.00026431822,0.00030977928,0.0026455645,-0.00023737438
CH*CD,-0.44025323324925925,0.09804148,7.106312708539373e-06,-0.00051567005,-0.00024394631,-0.0003255454,-0.001808453,0.0001438514,-5.4981763e-05,1.914436e-06,-1.850075e-05,0.00020721662,-0.0001110124,0.0014377832,-0.00037360782,0.00054527516,-2.3154922e-05,-0.00014767885,-0.00015416474,1.381466e-05,0.00018164299,1.0752097e-05,-0.00011150903,0.00045010084,0.0007913445,0.00023927412,0.00012534448,3.6974117e-05,-0.0025222464,0.0006551469,0.014115541,-0.0005406942,-0.0011093816,0.0020323968,0.005977635,-0.0003639476,-0.0013885206,0.009612133,0.007069408,-0.00026770803,6.150708e-05,-0.0070578167,-0.0019451559,2.4570703e-05,0.00028975034,-0.00040212588,-2.6361997e-05,-0.0001917889,0.0001430499,0.00020845167,-8.416522e-06,1.3197932e-05,0.00012103569,-0.0005887929,3.9632843e-05,2.1504247e-05,9.6723445e-05,1.1620542e-05,0.00029707313,2.3810792e-06,0.00019994343,-2.4664685e-06,-1.8441295e-05,3.1109383e-05,0.00017477985,-0.00057138235,-0.00022831792,-5.1392344e-05,1.7730366e-05,0.0006555988,-0.0017213128,7.5748017e-07,5.1836752e-05,-0.00067367306,1.8537479e-06
CH*CH,-2.6653264521574673,0.3717288,7.495224091918116e-13,-0.003922933,-0.0007212246,-0.0012721187,-0.010044414,-0.00026853426,-6.842065e-05,0.00011479949,8.403623e-05,0.0025584777,-0.0035439227,0.0013599028,0.007503815,0.0009947192,-0.00033049338,0.003059832,-0.00046189665,-0.00038326468,0.0008561661,-0.0024486785,-0.0008676492,0.00053402345,0.0006299933,-0.00066214084,-0.0008695894,-0.00026461598,-0.01773356,0.0025450957,0.013775302,-0.004376568,-0.008490506,0.0021998195,0.0017657605,0.000871053,-0.048591524,0.007069408,0.13818231,-0.0006581236,-0.033105083,-0.024606418,-0.0054332847,-0.00011745137,0.0011033264,-0.001165528,0.0005324949,-0.00023591614,0.0008315966,0.0011828493,0.0004127158,5.8318063e-05,0.00023687971,-0.0007371371,-0.0008779764,0.00016297831,-0.00013701119,0.00023091465,0.002945599,-8.8913424e-05,0.00020860987,-0.00032084048,-0.00014609825,-5.4272783e-05,-7.808889e-05,-0.00071314804,-0.0021091064,-0.00018991152,-0.00014564642,-0.001298226,0.00033060738,-0.00036125796,-0.00026953715,-0.005058731,0.00048465183
CH*BU,0.030441299025196805,0.047405865,0.5207809599322745,-6.1718183e-06,-2.7172575e-05,-9.305236e-05,-0.0005001901,2.0759315e-05,-1.6970962e-05,-3.9151582e-06,-1.543661e-05,-3.438642e-05,0.00012542719,-0.00010384678,-8.876061e-05,0.00025685315,5.530834e-05,0.0010933643,0.00017080319,8.924104e-06,1.2830348e-05,7.267213e-05,-6.808018e-05,6.381378e-05,8.478116e-05,5.6116856e-05,3.6725476e-05,1.7276794e-06,0.00044362925,1.0667329e-05,-0.0019008068,0.0005070382,0.0006786811,0.00032279507,0.0014111755,0.000121477155,0.0007360378,-0.00026770803,-0.0006581236,0.002247316,0.00080951804,0.0003167962,-2.6314723e-05,3.2381547e-05,2.6759028e-05,-3.0960728e-05,-9.741697e-05,-1.9320572e-05,-4.8229296e-05,-0.00015501888,-3.394523e-05,-1.0123908e-05,8.713946e-06,5.3682546e-05,-3.1906216e-05,-1.8093508e-05,5.5451434e-05,-2.7509339e-05,-0.00010139782,-8.137013e-06,8.72328e-06,4.154065e-05,-1.7610124e-05,-4.4604208e-06,-9.600523e-06,2.2574428e-05,-6.5770787e-06,2.0388823e-05,2.2215236e-05,4.857236e-05,-0.00034039968,6.577454e-05,6.792245e-05,0.00054710964,-5.007276e-05
