Param name,Param value,Param stdv,Param p-value,BT,BV,CD,CH,BU,CS,CA,DP,BT*BT,BT*BV,BT*CD,BT*CH,BT*BU,BT*CS,BT*CA,BT*DP,BV*BT,BV*BV,BV*CD,BV*CH,BV*BU,BV*CS,BV*CA,BV*DP,CD*BT,CD*BV,CD*CD,CD*CH,CD*BU,CD*CS,CD*CA,CD*DP,CH*BT,CH*BV,CH*CD,CH*CH,CH*BU,CH*CS,CH*CA,CH*DP,BU*BT,BU*BV,BU*CD,BU*CH,BU*BU,BU*CS,BU*CA,BU*DP,CS*BT,CS*BV,CS*CD,CS*CH,CS*BU,CS*CS,CS*CA,CS*DP,CA*BT,CA*BV,CA*CD,CA*CH,CA*BU,CA*CS,CA*CA,CA*DP,DP*BT,DP*BV,DP*CD,DP*CH,DP*BU,DP*CS,DP*CA,DP*DP
BT,0.7922508584060863,0.05634958,6.72937747539855e-45,0.003175275,5.0806593e-05,7.6154036e-05,0.0006345341,0.0006368287,-7.003953e-06,1.7337608e-05,5.5661185e-06,-0.0022716739,-0.0032515158,-0.0020328553,-0.0010340287,-0.0024828196,0.0011283306,0.0024774289,0.00243313,-7.9115045e-05,-8.25681e-05,0.0012485296,0.0003600192,0.0007096689,0.00015459736,4.998896e-05,0.00015557132,-1.4915644e-05,0.0011230361,-8.44198e-05,-0.0003355583,-0.0001125916,3.6320112e-06,-0.0003472026,-0.00021353451,-7.892092e-05,0.00078222103,-0.00067516725,-0.0029954335,-4.808496e-05,-2.8979695e-05,-0.000276067,-0.0032400698,-0.00031707482,0.00025852243,-0.00044702677,0.0005007943,-0.0006284658,-4.8025853e-05,-0.0008725289,8.018153e-06,4.7401707e-05,-3.6063439e-06,0.00014475372,1.2345436e-05,-7.191039e-05,5.30221e-06,0.000104752864,0.0013645102,9.130109e-05,8.5183885e-05,1.810839e-05,0.00025204508,-2.5626656e-05,8.135395e-05,-0.00044133776,0.0004326393,0.00038486545,2.860754e-05,0.00058520207,-0.0011784175,-0.000530058,9.562487e-05,-0.0007524644,2.5255438e-05
BV,0.9496592451601539,0.049867358,7.4096265313135125e-81,5.0806593e-05,0.0024867533,-5.3954677e-06,-7.500363e-05,0.00013182467,4.689361e-05,-0.000110574496,-4.3495597e-06,-4.2467782e-05,-7.094552e-05,-3.229872e-05,5.8964913e-05,6.0162376e-05,5.2131414e-05,9.707792e-05,4.1037074e-05,-0.0013109528,-0.002458663,-0.0028309294,-0.0007739447,-0.00093722326,5.7952006e-05,0.00012731603,0.0009566927,-9.23709e-05,-0.0012861107,7.427377e-05,-0.00026251998,-5.646555e-05,-6.818913e-07,9.9421464e-05,6.482125e-05,-4.6502973e-06,-0.0003219735,-2.9075729e-05,0.0004184839,-1.3443544e-05,-1.20562345e-05,-0.00020498972,5.2405685e-05,-1.6349279e-05,0.0002550337,-1.2922133e-05,0.0006640607,-0.00016318262,-3.299196e-06,-0.00012286362,1.4735875e-05,8.454045e-06,0.000120964454,7.12248e-05,0.00012357601,5.001616e-05,-0.00014717494,0.0001942511,-9.75548e-06,5.6634923e-05,-0.0011748034,4.6151457e-05,-0.0012080397,-0.00019342345,-0.0010480927,0.004233254,0.0009461845,-0.00014646513,-4.233593e-05,0.00011321017,0.00034244807,-0.0001081221,1.2792969e-05,-0.0003601274,3.3712397e-05
CD,0.5940870673420896,0.03366302,1.0530771804921494e-69,7.6154036e-05,-5.3954677e-06,0.0011331988,0.0002122635,-2.559225e-05,4.2147087e-05,2.1465437e-05,4.475933e-06,-5.341217e-05,9.206537e-05,0.00012209729,-5.130087e-07,-8.610492e-06,6.639927e-05,-0.00028090083,5.918865e-05,5.2282594e-05,-3.4532363e-07,0.00057051907,6.422439e-05,6.854106e-05,1.1154277e-05,8.383139e-06,-7.816018e-06,-0.0003847237,-0.0013082442,-0.0010968988,-0.0026879567,-0.00041179112,-0.000661889,0.00061540515,-0.0004938567,-4.3940818e-05,0.00012430534,-0.00017153399,-0.0008191077,-3.2742762e-05,-3.6142945e-05,-0.00035778954,-0.00060221035,3.140145e-05,3.8636263e-05,0.00014702984,-0.00016875583,3.1020812e-05,7.4513055e-06,-6.42872e-05,-2.2007548e-06,-1.882103e-05,-4.927922e-05,0.00033081323,-0.00024704388,-0.00011021635,-1.6835102e-05,-0.00027134924,-0.00017341571,-5.868749e-06,7.428784e-06,3.072791e-05,-5.639056e-05,-1.4120827e-05,2.7240869e-05,-0.00013189646,-0.00026374814,2.2643319e-05,3.1141403e-06,0.0006667306,-0.0009342649,1.5928876e-05,1.1404563e-06,-0.0006796711,-7.8146495e-06
CH,0.522695551584967,0.047919374,1.0577075026420869e-27,0.0006345341,-7.500363e-05,0.0002122635,0.0022962664,-1.9285004e-05,-4.8507895e-06,-2.5833091e-05,5.0323806e-06,-0.00048634526,0.00017178552,-0.00053262105,-3.1473097e-05,-0.0003054897,0.00023747704,-0.00013488244,-0.00031928802,0.00021454437,6.5929285e-05,0.0012897918,0.00029889058,3.9860854e-05,4.3847594e-05,-2.1839636e-05,-1.9490597e-05,-3.6792877e-05,0.0021940882,-0.0003502792,0.0002015605,-5.742016e-05,8.736434e-06,-0.0007395345,-0.0001276039,-0.00038958457,0.000542181,-0.0026656662,-0.009594305,-0.0002355627,-0.00025592322,0.00011677794,-0.005910077,5.291215e-05,-0.00022456577,-2.074015e-06,-0.002570829,7.006919e-05,-5.917527e-06,0.00022685599,-7.2589733e-06,-4.9456567e-06,9.2302804e-07,0.00012740248,-0.00021524276,-2.8991646e-05,2.7703341e-05,-2.5818357e-05,-5.625859e-05,4.695862e-06,-6.085112e-05,2.5389145e-05,-0.0006989934,-3.4542816e-05,-0.00015918941,0.0006165746,-0.00022115563,0.0003543133,-3.0539868e-05,0.0010478126,-0.010876112,-7.0601716e-05,-2.870044e-05,0.0005433764,4.5447763e-05
BU,0.787815695366488,0.046020746,1.0763871438992757e-65,0.0006368287,0.00013182467,-2.559225e-05,-1.9285004e-05,0.002117909,-2.0612455e-05,1.1664579e-05,-5.1664796e-05,-0.0004801319,7.9302794e-05,-0.00063649483,-0.00017074413,6.075626e-05,8.6030224e-05,-0.0005416946,-0.00040891612,6.788844e-05,-0.00013611604,0.00028553852,8.882847e-05,0.00019184891,3.1224103e-05,2.2416121e-05,1.442223e-05,1.1646507e-05,-0.00011516626,7.9848316e-05,-6.131101e-05,-0.0003081041,-1.524349e-05,0.00013340672,-0.0005572047,4.0592964e-05,5.906577e-05,0.00013390373,9.1426075e-05,4.4201006e-05,2.1600545e-05,5.8578735e-05,0.0005403429,-0.001054081,-0.0015435871,-0.0014732927,-0.001021593,-0.0020186626,-0.00015178112,-0.00016314437,0.00015781837,8.563936e-07,4.9956657e-06,8.092477e-05,-3.618406e-05,-0.00037659254,6.856657e-05,-9.202839e-05,-0.00033626673,-7.1212903e-06,5.4628992e-05,-3.9083943e-06,0.0001808864,-7.74492e-05,9.576241e-05,-0.0004148997,-0.0013175646,0.00036973078,-3.6641017e-05,0.0007078392,-0.00028642162,-0.002035833,2.6295576e-05,0.0016931245,0.00031433205
CS,0.4703578626424516,0.02237015,3.7821671813775786e-98,-7.003953e-06,4.689361e-05,4.2147087e-05,-4.8507895e-06,-2.0612455e-05,0.0005004236,-2.790131e-05,8.5232e-06,1.3278093e-05,-4.3543532e-05,7.2533644e-06,-3.1880085e-05,-4.0843104e-05,-1.7772627e-05,2.6591551e-05,5.6256966e-05,-1.2433451e-05,-4.4552246e-05,-1.7880284e-05,-3.2846624e-06,1.9321246e-06,1.9392108e-07,-1.0671699e-05,1.7928267e-05,-1.0390377e-05,-8.469961e-06,-4.5067427e-05,-0.0001093031,-1.8877308e-05,3.337703e-05,-5.6972258e-05,-4.8319216e-06,-3.0461838e-06,1.104837e-06,1.5492269e-05,1.9701036e-05,-2.1851997e-06,1.5145285e-05,-5.1822073e-05,-9.408595e-05,6.224848e-06,3.5342084e-05,2.7109552e-05,4.5956498e-05,2.066245e-05,3.205284e-05,-1.493069e-05,6.3994196e-07,-7.583449e-05,-0.00034095434,-0.0008346147,-0.0004490752,-4.614827e-05,-0.0010806883,0.0010082442,-0.0028063778,3.3878118e-06,-3.4468612e-05,1.7005087e-06,-1.7670646e-06,4.5048614e-06,-7.361156e-05,0.00032670988,-0.0002633057,4.5409142e-05,-1.698387e-06,-7.682138e-05,5.2643405e-05,1.984169e-05,-7.850842e-05,-0.00026060842,-2.283876e-05
CA,0.13720330186315874,0.023461878,4.9774322346141306e-09,1.7337608e-05,-0.000110574496,2.1465437e-05,-2.5833091e-05,1.1664579e-05,-2.790131e-05,0.0005504597,9.207889e-06,-7.3841693e-06,1.1093498e-06,2.0000754e-05,-1.5163457e-05,-4.8560178e-05,-7.646137e-06,2.5687239e-06,2.8275732e-05,6.4889755e-05,0.00010747443,0.00018166016,3.3104378e-05,6.144761e-05,-1.2216719e-06,9.9424506e-05,-2.708068e-05,4.4265958e-06,8.90883e-05,-3.895749e-06,-9.463876e-05,-3.5932582e-05,-2.0990185e-05,7.155415e-05,6.167694e-05,2.526465e-06,3.2583856e-08,5.2311323e-05,0.00010283642,4.916106e-06,7.326153e-07,0.00013444983,-8.786709e-06,-1.1817091e-05,3.9339393e-06,9.539382e-06,3.423687e-05,-1.173133e-05,-2.2171278e-06,-3.0679188e-05,1.0480722e-06,2.6126634e-06,1.0622236e-05,4.117826e-05,1.713773e-05,-8.341182e-06,6.208211e-05,-4.944209e-05,0.00010345347,-0.00020357915,-0.00046886492,-0.000117255426,-0.002055193,-0.0006556144,-0.00052775955,-0.0011706507,0.0010766612,-3.0062618e-05,-4.077763e-06,-0.00010057851,9.0561865e-05,-2.419317e-05,-2.7395325e-05,0.00027591526,-2.4572516e-06
DP,0.24370498049107964,0.014017474,1.0570430639814079e-67,5.5661185e-06,-4.3495597e-06,4.475933e-06,5.0323806e-06,-5.1664796e-05,8.5232e-06,9.207889e-06,0.00019648958,-2.5540735e-06,-1.074929e-05,1.067478e-05,-1.8160406e-05,-2.781825e-05,-1.7595912e-05,-5.9331605e-06,-3.5218964e-05,7.2969838e-06,3.0491315e-06,1.2707886e-06,7.73073e-06,4.5576203e-06,1.7455445e-06,3.3250478e-06,2.8156155e-05,-2.6713574e-06,1.121107e-05,-2.948467e-06,-2.559481e-05,-1.1913806e-05,3.0570668e-06,6.310345e-06,-1.7717224e-05,5.90318e-06,2.386754e-05,-5.193019e-06,-2.9281382e-05,2.8678153e-06,7.6291876e-06,4.18255e-05,-0.00019973147,2.835476e-05,3.929661e-05,3.3340333e-05,4.816052e-05,4.8169313e-05,5.5818346e-06,1.0454992e-05,6.901529e-05,-7.1464074e-06,-1.49048265e-05,1.0119185e-05,-5.866927e-05,-1.7680622e-05,1.746189e-06,-7.783175e-05,0.0012984795,-2.5998895e-06,-7.013324e-06,2.5081501e-06,-3.9925417e-05,-8.340581e-06,-2.8751238e-06,-2.0414476e-05,0.0004700064,0.00020709174,-0.00014747564,0.00029065492,-0.0016229433,-0.00017090215,-0.00037510204,-0.0019608396,-0.00024291655
BT*BT,-0.5577178535489836,0.048066504,3.976681654726933e-31,-0.0022716739,-4.2467782e-05,-5.341217e-05,-0.00048634526,-0.0004801319,1.3278093e-05,-7.3841693e-06,-2.5540735e-06,0.002310389,0.0018814645,0.0011275513,9.6039745e-05,0.0013866222,-0.003224824,-0.0020980516,-0.0019711703,0.0004044131,8.5203836e-05,-0.0010669583,-0.00037694248,-0.00070131733,-0.00020183288,-6.593447e-05,-0.0002726857,5.4564025e-05,-0.0009309562,6.1871106e-05,0.00017278343,3.9306702e-05,-2.4076493e-05,0.00025900584,0.00021843854,8.2545936e-05,-0.00063478923,0.00047376222,0.0023517834,3.5588855e-05,1.0162517e-05,0.00020909293,0.0025843878,0.00050952024,-0.00030365892,0.00011314604,-0.0009088743,0.0005104005,2.497e-05,0.00059631345,-9.800491e-06,-2.24085e-05,2.75258e-06,-0.00014030313,7.8876445e-07,5.2583575e-05,-2.2004333e-05,-5.2620435e-05,-0.00088048994,-4.9725342e-05,-8.310618e-05,-2.1354439e-05,-0.00025201592,-6.6744283e-06,-8.4149746e-05,0.00036610922,-0.0002554751,-0.00023684876,-2.4329885e-05,-0.00035579078,0.00076642726,0.000367251,-6.075418e-05,0.00046475168,-1.7797745e-05
BT*BV,0.054789122266404054,0.13311802,0.6806450452774104,-0.0032515158,-7.094552e-05,9.206537e-05,0.00017178552,7.9302794e-05,-4.3543532e-05,1.1093498e-06,-1.074929e-05,0.0018814645,0.017720405,0.0017512268,-0.002345072,0.00083257374,-0.0005719305,-0.0019794574,-0.0033609476,0.0027447508,0.00019310767,0.0004981731,-0.0003566804,9.79103e-05,-0.0004807973,-0.00018103737,-0.0010516555,-0.00015525997,0.0014086632,-0.00017144803,-0.0009958216,-0.00016510555,5.5604505e-05,-4.667442e-05,-0.00010755038,-3.4505127e-05,0.00074541126,-0.00039391124,-0.0012379541,-1.7144077e-05,7.1772076e-05,0.0006550544,0.0004643221,-0.00013166724,0.0010784109,-0.00059840607,0.00368104,-0.00034239487,5.914023e-05,0.0010217185,0.0001021422,-4.1762683e-05,5.4344662e-05,0.00013445388,0.00010659378,1.825004e-05,7.3307674e-05,3.498301e-05,9.749627e-05,-0.0001136809,-3.338164e-05,2.0486126e-05,3.9730003e-05,-1.6107835e-05,-5.0003495e-05,7.227375e-05,-0.0035478957,0.0013350007,1.6129692e-05,-0.0003364992,-0.0006814271,0.00011191906,2.8089074e-05,0.00095760846,4.0355562e-07
BT*CD,-0.5014227726009388,0.09339368,7.92116229158013e-08,-0.0020328553,-3.229872e-05,0.00012209729,-0.00053262105,-0.00063649483,7.2533644e-06,2.0000754e-05,1.067478e-05,0.0011275513,0.0017512268,0.00872238,-0.0017876152,-0.0030690467,-0.0012585998,-0.009459586,0.0032794613,-0.00050774787,9.019366e-05,0.0005202535,-0.00042820015,-0.001011101,-0.00029907553,-7.6294535e-05,-0.00055394013,0.0003941515,-0.0004977909,3.842523e-05,-0.0004598529,0.0001975556,-0.000152199,0.00044639828,0.0003451035,0.00010625297,-0.000724598,0.001513997,0.0024436163,1.7109616e-05,-5.8669343e-06,-0.00038674293,0.0014413077,-0.00032380727,-0.0004243861,0.0032033378,-0.00048096877,0.0004511861,6.203886e-05,0.0004221964,-1.6505412e-05,-2.0447937e-05,2.0521114e-05,0.00016630244,0.00016319127,0.00015858385,-5.7913112e-05,0.00014378349,6.1224255e-06,8.3604886e-05,-2.452303e-05,0.00018877533,0.0003342013,7.632269e-05,1.3175426e-05,-0.00011220033,-0.004285443,-0.0016999491,-2.6542908e-05,-0.00073721516,0.0013502557,0.00064778153,-3.45497e-05,-0.0016603215,-2.7463051e-05
BT*CH,0.038105890385585955,0.23140512,0.8692023412180203,-0.0010340287,5.8964913e-05,-5.130087e-07,-3.1473097e-05,-0.00017074413,-3.1880085e-05,-1.5163457e-05,-1.8160406e-05,9.6039745e-05,-0.002345072,-0.0017876152,0.05354833,-0.0031930932,-0.0022768916,-0.0068749385,-0.005969421,-0.0006075596,-0.0001842001,2.640702e-05,0.0006724786,0.0007633147,0.000546768,0.00018418515,0.0011031042,-0.00016597929,0.00016163306,-5.6972192e-05,0.0019483919,-1.7110202e-05,0.00016821147,0.0001448107,-0.0002339209,0.00025880267,-4.597912e-05,0.0003339273,0.00029809092,-8.391111e-05,-2.7670665e-05,-0.00030310644,-5.8718542e-06,-0.0006999756,0.0005949513,-2.7152651e-05,0.0066344244,-5.928563e-05,9.0188165e-05,0.00094868965,4.5931774e-05,-7.6359305e-05,-2.1353873e-05,0.0002993038,-0.00017964828,-1.7904238e-05,0.00010857856,-0.00026061828,-0.002315543,2.9796347e-05,3.6188558e-05,1.168412e-05,0.00039964705,-3.8084607e-05,1.6893231e-05,7.865727e-05,-2.2931223e-05,0.0011850258,7.2657604e-06,-0.00044123398,0.00038017816,0.0003422416,-0.00015359676,0.0017482502,-1.1910179e-05
BT*BU,-0.283240047827297,0.1337161,0.034156492752606134,-0.0024828196,6.0162376e-05,-8.610492e-06,-0.0003054897,6.075626e-05,-4.0843104e-05,-4.8560178e-05,-2.781825e-05,0.0013866222,0.00083257374,-0.0030690467,-0.0031930932,0.017879998,-0.004762976,-0.00741917,-0.007219512,0.0001417924,-0.00021161554,-0.0011660134,0.00052610383,0.00079483533,0.0006339151,0.00023737445,0.0014284145,-0.0002257515,-0.0006444421,-4.427997e-05,0.0011647501,0.00021776893,0.00014948251,0.0003958855,-4.039316e-05,-3.5042096e-05,-0.00035697586,0.00061034586,0.0013736845,0.000112796755,5.853738e-05,0.00017388252,0.0013081459,0.0025823545,-0.00027203115,-0.0008227466,-0.0017737702,0.00017427509,-8.648709e-05,-0.00046665757,-7.230567e-05,-8.5433516e-05,-1.4874245e-05,0.0004236227,-5.06496e-05,-3.366252e-05,8.83376e-05,-0.00025776844,-0.0021788983,-2.3271135e-05,8.315619e-05,-3.7615657e-05,-4.69702e-05,0.00028225756,0.00016731814,-7.7935954e-05,0.0039792736,0.00096097484,-4.106645e-06,0.0008874489,0.0012931942,-0.00018082198,-0.00013650655,0.0025407053,4.165156e-05
BT*CS,0.41608167094660853,0.2910627,0.15285315135433808,0.0011283306,5.2131414e-05,6.639927e-05,0.00023747704,8.6030224e-05,-1.7772627e-05,-7.646137e-06,-1.7595912e-05,-0.003224824,-0.0005719305,-0.0012585998,-0.0022768916,-0.004762976,0.0847175,-0.008425851,-0.012546575,-0.00096929126,-0.00022709245,0.0007302827,0.00096680963,0.0013761853,0.0008253201,0.0002924677,0.0015328183,-0.00015551335,0.00067083817,-0.000111152476,5.1891297e-05,0.00014285762,0.00031229487,-5.3411608e-05,-0.00036175238,9.19704e-05,0.0004056124,-0.00033401803,-0.0014577948,3.3716888e-06,0.00035039114,0.00076808914,0.0016118797,-0.0006314296,0.0008386479,0.00027227914,0.0053826966,-0.0003789898,0.00025592526,0.0014589459,0.0001396204,0.0004337032,-0.00014410238,0.00035312964,-0.00082869525,-0.00034292648,0.00045284885,-0.0015916278,-0.0031764791,0.00011441532,0.0001979329,-2.4631292e-05,0.00037035282,8.052268e-05,0.00034167228,-0.00079485314,0.005573272,0.0025220378,2.5600746e-05,-0.00023850848,-0.0009979175,0.00016619328,-0.00015702844,0.0022625746,-4.3893888e-05
BT*CA,-0.06116091986907362,0.55641526,0.9124731708581851,0.0024774289,9.707792e-05,-0.00028090083,-0.00013488244,-0.0005416946,2.6591551e-05,2.5687239e-06,-5.9331605e-06,-0.0020980516,-0.0019794574,-0.009459586,-0.0068749385,-0.00741917,-0.008425851,0.3095979,-0.016668607,0.0005271037,-0.00027282708,-0.00085323106,0.0008298523,0.0010505052,0.0008430808,0.00026381985,0.0017331247,2.1132179e-05,-0.00080821424,0.0002796179,0.001956072,0.0003512754,0.00042913746,0.0025103744,-0.00064678735,0.00024045703,0.00032556907,9.476173e-05,0.00010157511,9.755332e-07,0.00018291845,0.0036058219,0.0031290883,0.00068301015,0.0010412437,-0.00023493324,0.0049368585,0.00024041109,0.00018809532,0.008261883,0.00011267489,-9.872931e-05,-6.0651564e-05,-4.777521e-05,-0.00025933786,4.166577e-05,-1.6465017e-05,-0.00019659079,-0.002786696,0.0003883094,7.942093e-05,2.2957147e-05,0.00022597135,-6.5298795e-05,4.3382388e-05,-7.1314025e-05,0.006604821,0.0048015513,1.842361e-05,-0.0010108192,0.00038627323,0.0007486966,-0.00015128157,0.0026759636,-0.00013540608
BT*DP,0.038174788101465226,0.37008604,0.9178430374252939,0.00243313,4.1037074e-05,5.918865e-05,-0.00031928802,-0.00040891612,5.6256966e-05,2.8275732e-05,-3.5218964e-05,-0.0019711703,-0.0033609476,0.0032794613,-0.005969421,-0.007219512,-0.012546575,-0.016668607,0.13696368,0.0006889296,-0.00028597054,-3.6599635e-05,0.0010393163,0.0015766609,0.001125831,0.0003758662,0.0024349652,0.00013226236,0.00026693544,-1.3227858e-05,-0.0019187548,-0.0002742968,5.6538345e-05,6.021186e-05,0.0006242122,0.00052393705,-4.8150174e-05,-0.0005569996,0.0011747961,5.1644853e-05,0.00035279815,0.0024231714,0.011279139,0.0017929258,0.00124688,-0.001687928,0.0046674847,0.000214734,0.00024718267,0.0030621348,0.0003131859,-0.00011651168,-0.000109064,0.00042495338,-0.0003689344,-3.1569096e-05,-5.6005763e-05,-0.00038328438,-0.00497962,0.00030383668,0.00019073983,-0.00015976134,-5.395661e-05,-0.00012915436,0.00022336701,-0.0006959408,0.016826838,0.007024085,-7.04919e-05,0.001775929,-0.0038161122,0.0003791522,-0.00025871786,0.005318203,-4.4819757e-05
BV*BT,-0.5205232524778245,0.059014674,1.142204982623688e-18,-7.9115045e-05,-0.0013109528,5.2282594e-05,0.00021454437,6.788844e-05,-1.2433451e-05,6.4889755e-05,7.2969838e-06,0.0004044131,0.0027447508,-0.00050774787,-0.0006075596,0.0001417924,-0.00096929126,0.0005271037,0.0006889296,0.003482732,0.0013351981,0.0013308554,-0.00015174264,-0.00023708103,-0.0006256209,-0.00020045489,-0.0016294731,3.9737843e-05,0.0011127329,-0.00014071121,-0.00011413948,-3.1532963e-05,-7.5797498e-06,-4.826283e-05,7.737778e-05,7.2946627e-06,0.0004449324,-0.00027073536,-0.0011073668,-5.1165157e-06,2.4962475e-05,0.00033584383,1.0913858e-05,0.00049140624,-0.00022444823,-0.00057013525,0.0008233821,-0.00011475849,1.3652396e-05,0.00029913156,4.1360265e-05,3.3689408e-05,-5.6334906e-05,-7.964071e-05,0.0001149828,2.5746484e-05,-2.518766e-07,0.00013267562,0.0014226604,-7.1126284e-05,0.00062648003,-8.263739e-07,0.00065881206,0.00012773121,0.00055877847,-0.002322189,-0.0034542703,0.0006637379,3.0284184e-05,-4.148562e-06,-0.0011666166,-4.42851e-05,0.00010524515,-0.00034622167,-1.1371038e-05
BV*BV,-0.8749924481229698,0.054731272,1.5726590254841388e-57,-8.25681e-05,-0.002458663,-3.4532363e-07,6.5929285e-05,-0.00013611604,-4.4552246e-05,0.00010747443,3.0491315e-06,8.5203836e-05,0.00019310767,9.019366e-05,-0.0001842001,-0.00021161554,-0.00022709245,-0.00027282708,-0.00028597054,0.0013351981,0.0029955122,0.002791303,-0.00016939604,0.0003832343,-0.000742835,-0.0005916696,-0.0024993815,9.141673e-05,0.0012350417,-5.683304e-05,0.00020101412,4.07835e-05,-8.025632e-06,-9.331045e-05,-8.1372345e-05,2.6859764e-06,0.00030706456,3.2407268e-05,-0.00037719606,1.4516477e-05,9.09524e-06,0.00016303724,-0.00013262466,-4.365278e-05,-0.00013870564,3.1878248e-05,-0.0008851129,0.0001768054,5.0203704e-07,5.3569307e-05,-2.1777176e-05,-1.4101444e-05,7.429049e-06,-9.829804e-05,-0.00018208998,-8.163602e-05,0.00016199682,-0.0002791075,-0.00036055731,-4.9298542e-05,0.0009291362,-4.2119384e-05,0.0012397446,0.00020035848,0.0010440206,-0.0041832677,5.2367695e-06,0.00011891809,3.1000076e-05,-0.00028300652,-0.00021617563,0.000111076515,-3.9033403e-05,0.0004537421,-3.3915698e-05
BV*CD,-1.2136731678224895,0.16313586,1.0095478250549847e-13,0.0012485296,-0.0028309294,0.00057051907,0.0012897918,0.00028553852,-1.7880284e-05,0.00018166016,1.2707886e-06,-0.0010669583,0.0004981731,0.0005202535,2.640702e-05,-0.0011660134,0.0007302827,-0.00085323106,-3.6599635e-05,0.0013308554,0.002791303,0.026613308,0.00028776037,-0.00048165894,-0.00025559633,-0.00023406361,-0.00089705567,-0.0007559457,0.011972698,8.508434e-05,-0.0062153046,-0.0012646266,-3.6254412e-05,-6.38729e-05,-0.0026949306,-0.00018579907,0.0022801764,-0.0014713485,-0.006436435,-8.508681e-05,2.2033453e-05,9.3754556e-05,-0.0036556823,-0.00045975202,-0.0008308979,0.0010787919,0.0013331897,-0.00036558416,-4.134028e-06,0.0001289558,1.996714e-05,-5.699514e-05,-6.978433e-05,0.0013556372,-0.000116457384,-8.046217e-06,2.4238865e-05,0.0003587469,0.00021911699,-6.746798e-05,0.0014538501,-0.00026149477,0.0011680847,-3.147863e-05,0.0012116767,-0.005497061,0.00033622753,0.00039875292,4.9194787e-05,0.0069888765,-0.0047163866,-0.00017448254,5.670343e-06,9.123962e-05,1.040434e-05
BV*CH,-0.44843972604572224,0.14412008,0.0018609534061875795,0.0003600192,-0.0007739447,6.422439e-05,0.00029889058,8.882847e-05,-3.2846624e-06,3.3104378e-05,7.73073e-06,-0.00037694248,-0.0003566804,-0.00042820015,0.0006724786,0.00052610383,0.00096680963,0.0008298523,0.0010393163,-0.00015174264,-0.00016939604,0.00028776037,0.020770598,0.0005595581,0.00082346477,0.0006673775,0.0018189076,4.0200134e-06,0.00088437094,-0.00017660267,0.0002454696,8.1944396e-05,4.444841e-05,-0.00010242698,0.000122053876,-5.107309e-05,0.00084349787,-0.00035544392,-0.0014638685,-3.134158e-05,1.1963156e-06,0.00018174277,-0.0007699154,0.00020193103,-0.0004895794,-0.00014605402,0.0010319179,-0.00013255043,8.384309e-06,0.00024088685,3.0828855e-05,2.4301207e-05,-0.00023745341,7.327237e-05,0.00022151391,0.00011156525,-6.776146e-05,0.00035628778,0.0016202006,-3.198025e-05,0.00070115825,-1.5945656e-05,0.00010958962,2.5724194e-05,0.00022418566,-0.0010391889,-0.003394275,0.00021148985,3.382574e-05,0.0008045932,-0.001340237,-6.98633e-05,0.00011275469,-0.00038896414,3.1971545e-06
BV*BU,-0.4336969670445517,0.104864046,3.53716559041062e-05,0.0007096689,-0.00093722326,6.854106e-05,3.9860854e-05,0.00019184891,1.9321246e-06,6.144761e-05,4.5576203e-06,-0.00070131733,9.79103e-05,-0.001011101,0.0007633147,0.00079483533,0.0013761853,0.0010505052,0.0015766609,-0.00023708103,0.0003832343,-0.00048165894,0.0005595581,0.010996468,9.5035066e-05,0.0002833204,0.00017038974,2.0597497e-06,0.00024337592,-0.0001953511,0.0005247074,6.823394e-05,9.3252274e-05,-0.00013296302,-0.00020383447,2.5072135e-05,5.888e-05,0.00013101917,-0.00014125778,2.2225702e-05,1.1508565e-05,0.00016854782,0.00059891626,4.4765708e-05,0.004230936,-0.0004822584,-0.0020025917,2.6174632e-05,-5.0308165e-05,0.00019717665,-1.277669e-05,1.955932e-05,-0.00014746739,0.00013586799,0.000302008,0.00013361606,-0.00011897689,0.0006010192,0.002254012,-1.7852133e-05,0.0006778564,-6.224527e-05,0.00032589587,-5.1191284e-05,0.0003480933,-0.0017081834,-0.0045917383,0.00023079608,1.8799949e-05,0.0012789448,-0.0008583686,-0.00035529313,0.00016906878,8.189496e-05,2.6890775e-05
BV*CS,-0.16080928743697562,0.15139465,0.2881512261065111,0.00015459736,5.7952006e-05,1.1154277e-05,4.3847594e-05,3.1224103e-05,1.9392108e-07,-1.2216719e-06,1.7455445e-06,-0.00020183288,-0.0004807973,-0.00029907553,0.000546768,0.0006339151,0.0008253201,0.0008430808,0.001125831,-0.0006256209,-0.000742835,-0.00025559633,0.00082346477,9.5035066e-05,0.02292034,0.00050702546,0.0013073636,-2.2658736e-05,0.0001340854,-4.6082685e-05,0.00014982333,3.389517e-05,-6.5452364e-06,6.601365e-05,5.2999334e-05,1.1207594e-05,3.3798427e-05,-5.539305e-05,-0.00021702096,-3.167364e-06,1.7713472e-05,0.00013691052,0.00038449102,0.0002766956,-0.0003225324,-0.00012435613,0.000980467,-7.068047e-05,1.8244964e-05,0.00028231298,3.13257e-05,5.9318986e-06,0.0013413193,-4.8918835e-05,-3.1829106e-05,-3.165933e-06,2.7684027e-05,-4.0557916e-05,0.00054911553,-1.0816595e-05,0.00023377074,2.1699389e-06,-0.00015296304,-1.29236805e-05,-7.582355e-05,0.00020591434,-0.0034934713,0.0002734808,2.3053659e-05,0.0007017135,-0.00045546872,-1.1675596e-05,5.3004085e-05,-0.00029540004,-3.697977e-06
BV*CA,-0.05919050323584748,0.10883165,0.5865294616166761,4.998896e-05,0.00012731603,8.383139e-06,-2.1839636e-05,2.2416121e-05,-1.0671699e-05,9.9424506e-05,3.3250478e-06,-6.593447e-05,-0.00018103737,-7.6294535e-05,0.00018418515,0.00023737445,0.0002924677,0.00026381985,0.0003758662,-0.00020045489,-0.0005916696,-0.00023406361,0.0006673775,0.0002833204,0.00050702546,0.011844329,0.001219788,-5.9978277e-07,-6.110966e-05,-2.13775e-05,6.274552e-05,4.0736995e-05,2.3932018e-05,-1.9825702e-05,3.1378524e-05,2.4301094e-06,-3.043573e-05,7.714389e-06,0.00013320711,-4.5663096e-06,-8.089891e-06,0.00030213286,0.00015259543,8.2757586e-05,-0.0001247501,-1.965916e-05,0.00038830267,-3.4413286e-05,2.8765708e-06,0.0001260741,1.0998626e-05,7.42436e-06,-8.871819e-05,4.2696112e-05,8.771626e-05,3.8786668e-05,-4.4771123e-06,0.0001626226,0.0005813658,-9.104624e-05,-9.329804e-05,-6.531867e-05,0.0008603751,0.00013910505,0.0010323257,-0.0041545215,-0.0019085204,5.264757e-05,6.282038e-06,0.00032956112,-3.4369143e-05,-2.1031325e-05,3.5544137e-05,-0.00028555433,2.1123665e-07
BV*DP,0.274275559598926,0.2103038,0.19216970189971516,0.00015557132,0.0009566927,-7.816018e-06,-1.9490597e-05,1.442223e-05,1.7928267e-05,-2.708068e-05,2.8156155e-05,-0.0002726857,-0.0010516555,-0.00055394013,0.0011031042,0.0014284145,0.0015328183,0.0017331247,0.0024349652,-0.0016294731,-0.0024993815,-0.00089705567,0.0018189076,0.00017038974,0.0013073636,0.001219788,0.04422769,-6.351661e-05,-0.00034875597,3.2790297e-06,0.00024697135,8.085199e-05,1.3467178e-05,9.6831485e-05,0.000116059,3.5240257e-05,-0.00012541153,-2.2248587e-05,9.736216e-05,-6.076355e-06,3.2058077e-05,0.00023025628,0.0012402354,0.0006120617,-0.0006051348,-0.00027426146,0.0017613511,-8.5537555e-05,3.2404325e-05,0.00060166174,8.266239e-05,4.5770998e-05,-0.00031175994,7.527476e-06,0.00040303636,0.00021870778,-0.00017699478,0.00061423954,0.0030564729,-3.0371668e-06,0.000222213,3.9037623e-05,-0.0005194211,-5.981577e-05,-0.0003987683,0.0014250348,-0.0075776144,0.0002888058,-0.000575638,0.0012259221,-0.0009754598,-6.4072556e-06,0.00020653439,-0.0013392079,-7.0238086e-05
CD*BT,0.03405638457347019,0.052344207,0.5152893890416802,-1.4915644e-05,-9.23709e-05,-0.0003847237,-3.6792877e-05,1.1646507e-05,-1.0390377e-05,4.4265958e-06,-2.6713574e-06,5.4564025e-05,-0.00015525997,0.0003941515,-0.00016597929,-0.0002257515,-0.00015551335,2.1132179e-05,0.00013226236,3.9737843e-05,9.141673e-05,-0.0007559457,4.0200134e-06,2.0597497e-06,-2.2658736e-05,-5.9978277e-07,-6.351661e-05,0.002739916,-0.00060483353,-0.00018432716,-0.0030425433,-0.0008358491,-0.00025477962,-0.0017641236,0.0032972884,0.00021066215,-2.2323904e-05,0.00030897523,-0.00010720669,-1.0869471e-05,7.163357e-05,0.00019029964,-0.0006118455,-8.030777e-06,-2.7910333e-05,-0.00015102966,3.452324e-05,-2.2786211e-05,-4.2354095e-06,-7.309703e-05,-1.8763045e-06,6.069901e-05,2.1111186e-06,9.1917515e-05,0.00020661976,5.3619297e-05,-2.6828844e-05,0.000101383084,-0.000640768,0.00014568101,1.2817463e-05,5.596105e-05,0.0001780536,-1.5207371e-05,2.7732298e-05,-4.4409622e-05,-0.0017088338,-0.00017039268,1.2542461e-05,-0.0019632047,0.0007031439,2.1531346e-06,-6.5170294e-05,-0.00085133227,4.928486e-06
CD*BV,0.5266489007216747,0.18089354,0.0035984205000025205,0.0011230361,-0.0012861107,-0.0013082442,0.0021940882,-0.00011516626,-8.469961e-06,8.90883e-05,1.121107e-05,-0.0009309562,0.0014086632,-0.0004977909,0.00016163306,-0.0006444421,0.00067083817,-0.00080821424,0.00026693544,0.0011127329,0.0012350417,0.011972698,0.00088437094,0.00024337592,0.0001340854,-6.110966e-05,-0.00034875597,-0.00060483353,0.032722473,0.00041373764,-0.012031365,-0.0016101424,0.0011841817,0.0017919749,-0.0089840125,-0.00024255771,0.0044945395,-0.003656559,-0.0118508255,-9.968185e-05,0.00016334542,0.00066944986,-0.0055303685,3.4850975e-05,-0.0004218042,0.00056159584,0.00025435357,9.413512e-05,1.1582094e-05,6.536628e-05,-2.310745e-05,-2.9139705e-06,0.0001482984,-0.00093736936,0.00018172285,8.725749e-05,-8.191243e-05,0.0007552824,0.00061370706,1.34835045e-05,0.0008404292,-9.248618e-05,0.0012551714,-5.4832984e-05,0.0006093135,-0.0030624322,-0.0015900566,0.00015724608,4.863672e-06,0.0069731697,-0.008444839,0.00012646757,1.5752072e-05,-0.0013644034,-1.2807335e-05
CD*CD,-1.0268864186250657,0.053841732,4.2890078101873645e-81,-8.44198e-05,7.427377e-05,-0.0010968988,-0.0003502792,7.9848316e-05,-4.5067427e-05,-3.895749e-06,-2.948467e-06,6.1871106e-05,-0.00017144803,3.842523e-05,-5.6972192e-05,-4.427997e-05,-0.000111152476,0.0002796179,-1.3227858e-05,-0.00014071121,-5.683304e-05,8.508434e-05,-0.00017660267,-0.0001953511,-4.6082685e-05,-2.13775e-05,3.2790297e-06,-0.00018432716,0.00041373764,0.0028989322,0.0010100303,-0.00068343495,6.58894e-05,-0.0013539674,0.0006423578,3.161137e-05,-0.00036141076,0.000527787,0.0016046282,1.8392055e-05,-1.9779472e-06,0.00024274991,0.00090775336,-7.812751e-05,-8.294153e-05,-0.000106363936,0.0003209214,-8.325766e-05,-2.9209052e-06,5.7318135e-05,6.4246037e-06,-3.6771987e-06,3.6677626e-05,0.00015664607,4.1063275e-05,-1.995706e-05,9.485054e-05,-1.626236e-05,0.0002517761,-1.883685e-05,-7.902041e-05,-1.8363695e-05,-0.00017188862,-4.638165e-05,-0.00010344747,0.00030985344,0.0007572488,-4.925351e-05,-8.534606e-06,-0.00036777704,0.0014223364,-7.117124e-05,8.990205e-06,0.00058509404,1.3277855e-05
CD*CH,-0.5799088177211691,0.36242685,0.10958275405452189,-0.0003355583,-0.00026251998,-0.0026879567,0.0002015605,-6.131101e-05,-0.0001093031,-9.463876e-05,-2.559481e-05,0.00017278343,-0.0009958216,-0.0004598529,0.0019483919,0.0011647501,5.1891297e-05,0.001956072,-0.0019187548,-0.00011413948,0.00020101412,-0.0062153046,0.0002454696,0.0005247074,0.00014982333,6.274552e-05,0.00024697135,-0.0030425433,-0.012031365,0.0010100303,0.13135321,-0.0051343683,0.00028394035,-0.008542815,-0.008951007,-0.0006435808,-0.0020566797,0.0075781965,0.0034437478,-0.00058261794,-0.0010585092,-0.0073402137,0.00010338352,0.00039095568,8.7380635e-05,-0.0014821803,-0.004208894,0.00012962768,-3.8143706e-05,0.00018482337,-8.407672e-06,9.217141e-05,0.00011463651,-0.00024222072,0.0014700602,0.0005780034,-0.00015490912,0.0015693033,-0.0008561311,-5.6085606e-05,0.00022521566,-0.00021063279,0.00077620754,-4.8222933e-05,0.00011131628,-0.00023680467,0.0013813209,0.0012534049,-5.2430732e-06,0.00049591775,-0.0037140113,2.90267e-05,-0.00010596436,0.003900832,2.3001556e-05
CD*BU,0.20258548757824085,0.10140032,0.045729874786999254,-0.0001125916,-5.646555e-05,-0.00041179112,-5.742016e-05,-0.0003081041,-1.8877308e-05,-3.5932582e-05,-1.1913806e-05,3.9306702e-05,-0.00016510555,0.0001975556,-1.7110202e-05,0.00021776893,0.00014285762,0.0003512754,-0.0002742968,-3.1532963e-05,4.07835e-05,-0.0012646266,8.1944396e-05,6.823394e-05,3.389517e-05,4.0736995e-05,8.085199e-05,-0.0008358491,-0.0016101424,-0.00068343495,-0.0051343683,0.010282026,-0.0013531982,-0.006982816,-0.0103462245,-7.3450814e-05,0.00012285497,0.00054372667,-0.0003633963,0.00029617114,0.00023110915,0.0018592639,0.0013851464,5.031011e-05,0.000102762555,0.00043528137,-0.0009049058,0.00033080688,-2.0694148e-05,0.00016830461,-2.9053715e-05,2.60703e-05,4.093027e-05,0.00037241806,0.00055973826,0.0005429695,-0.00020002757,0.00088011095,0.0005994206,-6.10911e-05,0.00013112283,5.052042e-05,0.00016111266,0.00039963372,0.00020315673,-0.000493974,0.0004420344,6.0577833e-05,1.1907577e-05,0.0022683484,0.00024273837,0.00030515215,6.420922e-05,0.004238018,-4.18652e-05
CD*CS,-0.09418169954795615,0.18571404,0.6120615652402075,3.6320112e-06,-6.818913e-07,-0.000661889,8.736434e-06,-1.524349e-05,3.337703e-05,-2.0990185e-05,3.0570668e-06,-2.4076493e-05,5.5604505e-05,-0.000152199,0.00016821147,0.00014948251,0.00031229487,0.00042913746,5.6538345e-05,-7.5797498e-06,-8.025632e-06,-3.6254412e-05,4.444841e-05,9.3252274e-05,-6.5452364e-06,2.3932018e-05,1.3467178e-05,-0.00025477962,0.0011841817,6.58894e-05,0.00028394035,-0.0013531982,0.034489702,-0.0017376537,-0.0020806568,1.7649041e-05,4.3201147e-05,0.00010620559,-0.00027910626,5.035046e-05,0.00017701903,0.0006805226,2.855557e-05,4.7217094e-05,3.8875976e-05,-0.00010514778,-7.092853e-05,2.3153998e-05,2.2797434e-05,0.00014660375,-2.1218561e-06,-5.9097867e-05,-0.00013393705,0.0021953483,-0.00078967033,-0.00044792015,0.00021464693,-0.0013805331,-0.00026069247,-2.6071373e-05,2.3903149e-05,-2.4171157e-05,7.8509715e-05,6.139956e-05,0.00019355047,-6.046273e-05,-4.7190337e-05,-0.00023216946,4.4293893e-06,0.0012352839,8.12257e-05,7.110517e-06,2.1889078e-05,0.000100879995,-7.978327e-06
CD*CA,-0.1464100887529346,0.43207255,0.7347187132226034,-0.0003472026,9.9421464e-05,0.00061540515,-0.0007395345,0.00013340672,-5.6972258e-05,7.155415e-05,6.310345e-06,0.00025900584,-4.667442e-05,0.00044639828,0.0001448107,0.0003958855,-5.3411608e-05,0.0025103744,6.021186e-05,-4.826283e-05,-9.331045e-05,-6.38729e-05,-0.00010242698,-0.00013296302,6.601365e-05,-1.9825702e-05,9.6831485e-05,-0.0017641236,0.0017919749,-0.0013539674,-0.008542815,-0.006982816,-0.0017376537,0.18668668,-0.009005854,3.6803576e-05,-0.0001801262,0.0026332005,0.0024256136,0.00012273867,0.00020868333,0.0063645733,0.0029952957,-6.739595e-05,-0.00013593916,-0.00022943814,0.001068304,-0.00013809501,-4.289391e-06,0.00028704497,1.8028819e-05,-3.6376234e-05,0.00017847655,0.0011857362,0.0007244875,0.00032181886,-0.00014656279,0.0019747987,0.0022694676,2.5550335e-05,3.513328e-05,0.00027640248,7.862488e-05,-2.158595e-05,-0.00024605187,-0.00053334795,0.0021993853,0.0002907568,-5.3867e-05,0.0032603946,0.0025570411,-0.0001416179,0.00012519439,0.002622351,1.804463e-05
CD*DP,-0.1740525599474437,0.71856076,0.8086067076679263,-0.00021353451,6.482125e-05,-0.0004938567,-0.0001276039,-0.0005572047,-4.8319216e-06,6.167694e-05,-1.7717224e-05,0.00021843854,-0.00010755038,0.0003451035,-0.0002339209,-4.039316e-05,-0.00036175238,-0.00064678735,0.0006242122,7.737778e-05,-8.1372345e-05,-0.0026949306,0.000122053876,-0.00020383447,5.2999334e-05,3.1378524e-05,0.000116059,0.0032972884,-0.0089840125,0.0006423578,-0.008951007,-0.0103462245,-0.0020806568,-0.009005854,0.5163295,-0.00029344435,0.0002845984,0.00028821864,1.659665e-05,0.00017482431,0.00021219837,0.0034315158,0.004415782,0.00035668488,-1.7424256e-06,0.00045393725,0.00013044613,0.00051797734,2.3007116e-05,0.0017044048,-5.214284e-05,-0.00010324751,3.960873e-05,-0.0003191544,0.0003735416,0.0005305417,-0.00018987023,0.0010043215,0.0045416425,-0.00024807174,-4.980333e-05,-6.2238956e-05,-0.000579954,-0.00020005304,-0.00012613909,-0.00020595871,0.006974387,-0.00011862376,-3.409152e-05,0.0057041724,-0.001261831,0.0005876682,0.00046034137,0.01270161,-5.0806724e-05
CH*BT,-0.12100435573044618,0.033163708,0.0002635726683071682,-7.892092e-05,-4.6502973e-06,-4.3940818e-05,-0.00038958457,4.0592964e-05,-3.0461838e-06,2.526465e-06,5.90318e-06,8.2545936e-05,-3.4505127e-05,0.00010625297,0.00025880267,-3.5042096e-05,9.19704e-05,0.00024045703,0.00052393705,7.2946627e-06,2.6859764e-06,-0.00018579907,-5.107309e-05,2.5072135e-05,1.1207594e-05,2.4301094e-06,3.5240257e-05,0.00021066215,-0.00024255771,3.161137e-05,-0.0006435808,-7.3450814e-05,1.7649041e-05,3.6803576e-05,-0.00029344435,0.0010998315,-0.00017514902,-0.00039059034,0.001290208,1.27249605e-05,-1.707204e-05,-0.00047536063,-0.00047485897,-0.0001280397,2.7996977e-05,5.0027797e-05,0.0005274974,-4.1449828e-05,-7.773956e-06,-6.349554e-05,-6.293365e-06,1.1324319e-05,8.318911e-06,-6.7029214e-05,9.4581665e-05,1.6713539e-05,-8.973311e-06,7.662026e-05,0.0007585866,-3.7481648e-05,-1.6946041e-06,-1.430275e-05,0.00018923006,-5.5339325e-07,-1.3188251e-05,1.6817028e-06,0.00079618744,-0.00042161363,-3.319414e-06,0.00015364186,0.002503173,-4.378957e-05,4.2911845e-05,-7.0923226e-05,9.216302e-06
CH*BV,0.32516284925708333,0.09968723,0.0011069534866549947,0.00078222103,-0.0003219735,0.00012430534,0.000542181,5.906577e-05,1.104837e-06,3.2583856e-08,2.386754e-05,-0.00063478923,0.00074541126,-0.000724598,-4.597912e-05,-0.00035697586,0.0004056124,0.00032556907,-4.8150174e-05,0.0004449324,0.00030706456,0.0022801764,0.00084349787,5.888e-05,3.3798427e-05,-3.043573e-05,-0.00012541153,-2.2323904e-05,0.0044945395,-0.00036141076,-0.0020566797,0.00012285497,4.3201147e-05,-0.0001801262,0.0002845984,-0.00017514902,0.009937544,-0.0012128106,-0.008808855,2.7194405e-05,0.00079029816,0.0026854817,-0.002386475,-6.4533924e-05,-0.00046778997,-0.0001510717,-0.00061112066,6.018239e-05,-3.0713876e-05,-0.00020356697,-9.255386e-06,8.246901e-06,-3.865957e-06,5.552346e-06,0.00019624608,1.2398623e-05,-1.6679867e-05,0.00013449774,0.0013004044,-5.2444066e-05,-6.381046e-05,-5.445615e-05,0.001210952,-0.0001131393,-0.00020878017,0.0006289708,0.0012949607,-0.001087673,-4.2703614e-05,-0.001151276,0.00045685575,-0.00023967192,2.5342608e-05,-0.001279598,5.4322834e-05
CH*CD,-0.4377630314533842,0.100780584,1.4008755758102945e-05,-0.00067516725,-2.9075729e-05,-0.00017153399,-0.0026656662,0.00013390373,1.5492269e-05,5.2311323e-05,-5.193019e-06,0.00047376222,-0.00039391124,0.001513997,0.0003339273,0.00061034586,-0.00033401803,9.476173e-05,-0.0005569996,-0.00027073536,3.2407268e-05,-0.0014713485,-0.00035544392,0.00013101917,-5.539305e-05,7.714389e-06,-2.2248587e-05,0.00030897523,-0.003656559,0.000527787,0.0075781965,0.00054372667,0.00010620559,0.0026332005,0.00028821864,-0.00039059034,-0.0012128106,0.0101567255,0.010422071,-0.00025976993,-9.4498675e-05,-0.007397325,0.0076817535,3.3357832e-05,0.00030720243,-0.00064740336,0.002992906,-0.00015171873,-1.4276846e-05,-0.00086177787,2.8422373e-05,-9.142064e-06,-2.6307414e-05,0.0002705926,0.0002837398,2.763734e-05,-4.6660633e-05,7.588761e-05,-0.0009935373,-0.00021084405,4.394435e-05,-0.00023842233,0.0012676643,-0.00014226386,6.160579e-05,-0.0005134969,0.0018054743,0.00043112622,3.79701e-05,-0.0020848336,0.012690716,-6.780185e-05,-6.549245e-05,-0.0026023306,-4.41784e-05
CH*CH,-1.873209658460197,0.24031432,6.449442097324283e-15,-0.0029954335,0.0004184839,-0.0008191077,-0.009594305,9.1426075e-05,1.9701036e-05,0.00010283642,-2.9281382e-05,0.0023517834,-0.0012379541,0.0024436163,0.00029809092,0.0013736845,-0.0014577948,0.00010157511,0.0011747961,-0.0011073668,-0.00037719606,-0.006436435,-0.0014638685,-0.00014125778,-0.00021702096,0.00013320711,9.736216e-05,-0.00010720669,-0.0118508255,0.0016046282,0.0034437478,-0.0003633963,-0.00027910626,0.0024256136,1.659665e-05,0.001290208,-0.008808855,0.010422071,0.05775097,0.00044658477,-0.0016033041,-0.009038106,0.022500928,-7.46963e-05,0.0012632757,0.00025412606,0.007850162,-0.00043378212,6.4465625e-05,-0.00044736158,5.2269206e-05,1.7705746e-05,-8.9215555e-06,-0.00044123744,0.00035255853,0.00010734275,-0.00011690296,-2.2911448e-05,-0.0005499247,0.00013885713,0.0005059097,4.8490794e-05,-0.0009925982,0.0003971829,0.0011297625,-0.003951448,0.00067658455,-0.00024894765,0.00015491169,-0.0025615694,0.03729402,0.00042949402,8.834981e-05,-0.0011860002,-0.00021513208
CH*BU,-0.09509383733608431,0.03755978,0.011347884159824833,-4.808496e-05,-1.3443544e-05,-3.2742762e-05,-0.0002355627,4.4201006e-05,-2.1851997e-06,4.916106e-06,2.8678153e-06,3.5588855e-05,-1.7144077e-05,1.7109616e-05,-8.391111e-05,0.000112796755,3.3716888e-06,9.755332e-07,5.1644853e-05,-5.1165157e-06,1.4516477e-05,-8.508681e-05,-3.134158e-05,2.2225702e-05,-3.167364e-06,-4.5663096e-06,-6.076355e-06,-1.0869471e-05,-9.968185e-05,1.8392055e-05,-0.00058261794,0.00029617114,5.035046e-05,0.00012273867,0.00017482431,1.27249605e-05,2.7194405e-05,-0.00025976993,0.00044658477,0.0014107372,5.241599e-05,-0.00018091104,2.141531e-05,2.229308e-05,5.096075e-05,6.43543e-05,-0.0014897097,-7.558397e-05,3.3780034e-06,2.2490414e-05,1.0365157e-05,1.8502623e-06,4.4554267e-06,-1.8145996e-05,5.8047295e-05,7.185465e-06,-2.0816217e-06,5.008431e-05,0.00028074378,-1.4357785e-06,-1.5741909e-05,-1.207665e-05,0.00020001763,-4.41317e-05,-3.7394217e-05,6.559797e-05,8.859815e-05,-0.00017533445,-2.855306e-06,-0.00027262938,0.0015319127,-2.7957509e-05,1.1464071e-05,-0.00037815023,7.88341e-06
