Param name,Param value,Param stdv,Param p-value,CA,BT,BU,CS,CD,DP,CH,BV,CA*CA,CA*BT,CA*BU,CA*CS,CA*CD,CA*DP,CA*CH,CA*BV,BT*CA,BT*BT,BT*BU,BT*CS,BT*CD,BT*DP,BT*CH,BT*BV,BU*CA,BU*BT,BU*BU,BU*CS,BU*CD,BU*DP,BU*CH,BU*BV,CS*CA,CS*BT,CS*BU,CS*CS,CS*CD,CS*DP,CS*CH,CS*BV,CD*CA,CD*BT,CD*BU,CD*CS,CD*CD,CD*DP,CD*CH,CD*BV,DP*CA,DP*BT,DP*BU,DP*CS,DP*CD,DP*DP,DP*CH,DP*BV,CH*CA,CH*BT,CH*BU,CH*CS,CH*CD,CH*DP,CH*CH,CH*BV,BV*CA,BV*BT,BV*BU,BV*CS,BV*CD,BV*DP,BV*CH,BV*BV
CA,0.2631133266788826,0.009849873,3.3823028095899884e-157,9.702001e-05,3.4253112e-06,2.5216461e-06,-3.8625623e-07,5.1911184e-06,1.4025514e-06,5.521407e-06,6.448084e-06,-0.00021203059,-5.5002853e-05,0.00079134107,-0.00032946013,-0.00022437844,-0.00018115836,-0.00032809906,-2.983089e-05,-0.00979174,-1.02670265e-05,2.0909732e-05,-9.885906e-07,4.683373e-05,1.8557795e-06,-2.0255608e-05,-3.298359e-06,3.2405162e-06,-2.579992e-06,-1.7773709e-06,6.1740104e-07,-2.7390388e-06,-1.1901745e-05,2.9484509e-06,-1.320323e-06,1.596177e-05,1.6067346e-06,-2.2344316e-06,8.0132577e-07,1.2203909e-05,5.0295243e-06,2.41218e-06,1.8685456e-06,0.0003029078,-5.670106e-06,-6.327706e-06,0.00029036912,-1.268771e-05,-3.0977317e-05,0.00020485239,-3.6270956e-06,-0.00013060107,-1.833965e-06,1.1000069e-06,5.784446e-06,-6.989439e-07,-8.122338e-06,-1.4344223e-05,2.646712e-07,0.00018381009,-5.140077e-06,-9.7226775e-06,-2.9979142e-06,3.6088422e-05,8.274576e-06,-1.4029753e-05,-2.3627294e-06,-0.002955016,-9.303873e-06,-1.4920476e-05,-1.6420893e-07,3.7299765e-07,1.46825705e-05,1.8189043e-05,-9.973962e-06
BT,0.680070768409574,0.041697863,8.449921341133288e-60,3.4253112e-06,0.0017387117,-1.9675529e-06,-2.4816363e-06,3.4843302e-05,-5.511882e-06,3.7138434e-05,9.2808026e-05,-7.3323577e-06,0.00014602336,-0.06118518,-8.852017e-05,1.5280519e-05,-0.00013006818,9.568957e-05,8.00976e-05,0.0067110797,-0.0018128003,-0.0014943612,-9.373444e-05,0.0013233026,-0.00032713488,-0.0021497079,-0.0011261485,-0.00015328446,0.00039979024,6.5340646e-05,-0.00041030964,4.37627e-06,-0.00033304715,-0.00011036934,9.6581934e-05,-0.00012621771,9.099918e-05,-3.6236743e-05,4.5579513e-06,2.2423796e-05,6.228393e-05,4.984817e-05,-1.1759261e-05,0.00011257692,0.0002292456,-3.456967e-05,-0.0005443816,-4.0136092e-05,-0.00017831687,1.33643625e-05,1.954724e-05,9.717012e-05,0.000118563206,1.36904155e-05,-9.155105e-05,2.9029686e-06,-1.71873e-05,-1.6433383e-05,-2.4187339e-06,1.8089777e-05,0.00010299078,-3.5178273e-05,-0.00043176682,-8.005278e-05,-0.00011140288,-8.300616e-05,-5.653633e-06,-0.0017741817,0.00045172093,0.00019235916,-0.0006404701,-6.623507e-05,-0.00048352167,-0.000348079,-2.6509675e-05
BU,0.7589703038087634,0.030957099,9.76925247150795e-133,2.5216461e-06,-1.9675529e-06,0.000958342,6.2394033e-06,0.00018821278,1.942613e-05,7.902334e-05,0.0002919142,-5.329809e-06,-2.9799565e-05,0.009478021,3.758396e-05,4.120467e-05,5.2264268e-06,4.5423103e-06,6.892459e-05,0.004013274,4.4512537e-05,-0.0009949757,0.00017919079,-0.00014115068,8.066995e-05,0.0006590738,-0.00010423864,-0.0009650217,-0.00092116697,-0.0010371692,-0.00012200619,-0.0012067513,-0.00042842538,-0.00093863695,-0.001269851,-1.4378838e-05,-9.562882e-06,0.00015197576,-1.2886517e-05,5.1910596e-05,-0.00010147755,-8.303934e-06,-1.1606177e-05,-0.00049858104,-0.00012145655,0.00020482545,-0.0013434525,-0.00026665218,-0.00047418938,-0.0007256381,-0.00011072653,0.00017801722,-2.399805e-05,9.2924216e-05,1.790543e-05,5.2545515e-06,-0.00014259007,-0.00012250598,2.3237244e-06,2.6776126e-05,-7.485836e-05,0.00013521768,-0.00054725277,8.187065e-05,-0.0003001388,-0.00020219373,-3.6665766e-05,0.009319549,-0.00023419273,0.000417708,-0.00023365224,-0.00031739587,-0.0009961856,-0.00091261405,-0.00020348214
CS,0.2686042715301988,0.010523798,1.0810614883996204e-143,-3.8625623e-07,-2.4816363e-06,6.2394033e-06,0.00011075032,1.7673368e-05,1.7612875e-06,1.2258013e-05,1.8305941e-06,8.055547e-07,-1.3736063e-06,-0.00016215444,-4.106871e-05,1.0228716e-05,-1.7609664e-06,-2.0064843e-05,1.0015032e-05,0.00019799362,4.891689e-06,7.907557e-06,5.6388044e-06,-6.023882e-07,-1.5882526e-05,-4.6639918e-05,9.576532e-06,6.724785e-06,-7.4217755e-06,-8.592057e-07,0.00018176176,-1.7276669e-05,-2.3682544e-05,-5.6958394e-05,2.010178e-05,-0.00032815023,-0.000113857575,-0.00012841684,-0.0002266142,-0.00024037866,-0.00032411027,-0.00038363432,-4.2426538e-05,0.00020203968,-3.088308e-05,-3.2828757e-05,0.0006315863,-1.9995587e-05,-4.6629502e-05,0.00017472134,-1.30018625e-05,-1.1716227e-05,-4.90854e-06,2.0298008e-07,-2.6895219e-05,-1.9163583e-06,-7.658043e-06,-2.1057695e-05,5.145496e-06,-7.019174e-06,-1.8035516e-05,-2.2910037e-05,0.00036311656,4.3440486e-05,-5.146157e-05,-2.772902e-05,2.5384213e-06,0.0003937509,-2.2557801e-06,2.7712726e-05,-4.904816e-07,1.0859808e-06,2.6034013e-05,-3.5526387e-05,-1.2866469e-06
CD,0.711851175864056,0.031382836,6.62098555786552e-114,5.1911184e-06,3.4843302e-05,0.00018821278,1.7673368e-05,0.0009848825,2.8423387e-05,9.96957e-05,0.00010171255,-1.132963e-05,8.9294225e-08,0.010072773,-2.1262023e-05,0.00026136852,0.0001479185,-9.423201e-05,4.4989106e-06,0.004670839,-5.7009756e-06,-0.00035046358,5.991857e-05,-0.00070835603,3.1649695e-05,0.00020634891,-0.00012408642,0.00032087066,-0.00012760014,-0.00017810137,-0.00016460184,0.00013194613,-0.0005645508,-0.00024557658,-0.0001343106,-0.0002748347,-1.3022413e-05,-5.7476296e-05,-3.5431603e-05,9.1003174e-05,-2.4978368e-05,-2.9837262e-05,-4.915795e-06,-0.003767032,-0.0006869082,-0.0009581785,-0.009147978,-0.0012006486,-0.0011058914,-0.011362012,-0.00076254125,0.000187764,-1.9995028e-05,-4.0258106e-05,7.397224e-05,9.061815e-06,-0.00018292197,-2.5715226e-05,-9.885004e-06,-0.000905815,-7.3997144e-05,-0.00016155651,-0.0002296832,0.000506296,0.000100519464,-0.00025080875,-5.942052e-05,0.0063141226,-4.0037092e-05,0.0001157409,-0.00010955989,6.1118335e-06,-0.0005310556,-0.00020658066,-7.6564305e-05
DP,0.3240681605254056,0.017041547,1.2486174761494864e-80,1.4025514e-06,-5.511882e-06,1.942613e-05,1.7612875e-06,2.8423387e-05,0.00029041432,1.0360255e-05,2.0208456e-05,-2.8911977e-06,-5.107262e-06,1.3317495e-05,7.300609e-05,8.475835e-07,6.936624e-05,9.69801e-07,-1.2093089e-05,0.001945752,6.8787645e-06,-6.2143204e-06,2.0832664e-05,-2.039919e-05,-3.138561e-05,-2.3742896e-06,-3.7860589e-06,4.9973646e-06,-1.1711347e-05,-4.9558716e-06,1.5981177e-05,2.0396566e-05,-8.921971e-05,-1.4413015e-05,1.2923173e-05,4.0289633e-05,-4.075702e-06,1.6932265e-05,-3.5850614e-06,3.172375e-05,0.0001822013,-2.2576387e-05,5.9470835e-06,-0.0002920281,-2.2976654e-05,9.727151e-06,0.0002779665,-2.6674832e-05,0.00023758973,-0.00015043144,3.2803855e-06,4.8925882e-05,-0.0002429621,-0.00017569638,2.225619e-05,-0.00016431643,-0.0011598613,-0.00048295193,-0.000108584565,-8.498713e-06,-8.859436e-06,1.0453746e-05,-4.0626666e-05,1.6429245e-05,2.1421152e-05,-1.519277e-05,2.2876264e-07,0.005237364,-1.9514162e-05,0.0002496219,-7.2515046e-05,3.1853393e-05,8.302121e-05,-0.00019108833,7.2007792e-06
CH,0.48704187218588063,0.015043749,6.165837046594419e-230,5.521407e-06,3.7138434e-05,7.902334e-05,1.2258013e-05,9.96957e-05,1.0360255e-05,0.00022631438,2.1430693e-05,-1.1784635e-05,-2.5336733e-05,0.008809524,8.9604655e-05,-1.258738e-05,8.5089305e-05,-5.87121e-05,-2.209561e-05,0.009441075,-5.343125e-05,0.00015513392,5.2464484e-06,3.1790652e-05,-2.4834511e-05,-0.00012790677,-4.2034073e-05,0.000114237286,-6.2816216e-05,-6.478689e-05,-0.00020383917,-0.0001638887,-7.285021e-05,-0.00027424959,-9.600495e-06,3.8802442e-05,-1.0862533e-05,-3.6429246e-05,-2.4957122e-05,3.563746e-06,3.6386315e-05,-0.00022517881,1.4588259e-06,-0.0012236579,-6.3577645e-05,-0.0002194448,-0.0006089027,-0.00010869608,5.6784043e-05,0.0009406704,-4.78498e-05,6.4835534e-05,-3.5317446e-06,-1.4189681e-05,2.5726173e-05,-2.3609025e-06,-4.3125172e-05,-2.500237e-05,6.0354814e-06,-0.0017226334,-0.0001767857,-0.00028899784,-0.0014790884,-0.0007135655,-2.2922113e-05,-0.0005314169,-0.00013075372,0.0065648556,-5.917973e-07,0.00016864379,-6.678001e-05,-2.2845737e-05,-0.00016522358,-0.00015330454,8.973724e-06
BV,0.9231000248854956,0.0427304,1.6872897502321976e-103,6.448084e-06,9.2808026e-05,0.0002919142,1.8305941e-06,0.00010171255,2.0208456e-05,2.1430693e-05,0.001825887,-1.3564757e-05,1.5107055e-05,-0.012207907,0.00017150416,-6.8933828e-06,5.285976e-05,-0.00012381913,0.00016183796,0.0030099591,-0.00011771317,-0.0001674989,-6.586291e-05,0.00027612306,2.2573324e-06,-0.00013287792,0.00022786683,0.00041777815,-0.00010937436,-0.00021089376,-0.0023222798,-0.00052886386,-0.00049879885,-0.0011791238,0.0007730272,4.0669354e-05,-3.9812808e-06,9.164281e-06,-3.4479697e-06,3.6341848e-05,2.0410203e-05,-6.700152e-05,7.858468e-06,-0.0005284194,-4.840009e-05,-0.00010575497,-0.00029148767,-0.00016443098,-0.00014732887,-0.00054377975,0.00040201866,3.771643e-05,-8.879473e-06,-6.675333e-05,8.490541e-06,1.5765352e-05,-7.290606e-05,-4.5623914e-05,1.8392042e-05,-0.00026591943,-3.3190678e-05,-5.598048e-05,0.0002227525,0.00011449517,-2.8573144e-05,-4.6925576e-05,-3.244124e-05,-0.0037403721,-0.0015766894,-0.002570288,-7.695907e-05,-0.001016429,-0.0012651634,-0.001706,-0.0017008198
CA*CA,-0.2992892557056893,0.02370162,1.4917029632661483e-36,-0.00021203059,-7.3323577e-06,-5.329809e-06,8.055547e-07,-1.132963e-05,-2.8911977e-06,-1.1784635e-05,-1.3564757e-05,0.0005617668,0.000121927325,-0.001667416,0.0006926126,0.00048209453,0.00038074458,0.0006894162,7.1412745e-05,0.021249162,2.1723106e-05,-4.4631106e-05,9.10904e-07,-9.889445e-05,-4.462882e-06,4.580209e-05,6.433221e-06,-6.812878e-06,5.5172013e-06,3.7937657e-06,-1.2662531e-06,6.03027e-06,2.4284587e-05,-6.080418e-06,2.6979026e-06,-3.2278687e-05,-3.3138829e-06,4.8006796e-06,-1.6701116e-06,-2.606046e-05,-1.12604575e-05,-5.834513e-06,-3.974037e-06,-0.00065822207,1.2306222e-05,1.45308795e-05,-0.0006189689,2.738241e-05,6.243165e-05,-0.00042948616,8.136495e-06,0.0002979581,3.8163084e-06,-2.5730753e-06,-1.2047872e-05,1.4707927e-06,1.7357868e-05,3.0317735e-05,-7.0848347e-07,-0.00040447578,1.0942216e-05,2.1357424e-05,1.8953295e-06,-7.602551e-05,-1.9924042e-05,2.9835839e-05,5.120252e-06,0.0065025305,1.9745376e-05,2.9620518e-05,1.4181637e-07,-1.0310848e-06,-2.9482122e-05,-3.6277936e-05,2.097375e-05
CA*BT,-0.22513185757022872,0.024178177,1.2619865181355911e-20,-5.5002853e-05,0.00014602336,-2.9799565e-05,-1.3736063e-06,8.9294225e-08,-5.107262e-06,-2.5336733e-05,1.5107055e-05,0.000121927325,0.00058458425,-0.0048752716,-0.0018505789,0.00014745002,0.0005286109,-3.1871834e-05,-1.8141092e-05,-0.041122243,-0.00021336168,8.1730264e-05,-0.00030793552,-9.257327e-05,-0.0003014234,7.761799e-05,0.00015528666,-4.981412e-05,6.48025e-05,2.322983e-05,3.5972982e-05,4.748852e-05,-3.6628804e-05,0.00015369075,2.7265174e-05,1.2306663e-05,5.974383e-06,5.4247603e-06,2.6925522e-06,-3.648064e-05,-2.9806582e-05,4.330657e-05,1.2627442e-05,-0.00062008365,5.9759517e-05,-1.7111395e-05,-0.0011893453,1.861931e-05,5.4560496e-05,-0.00093499693,2.0497986e-05,0.00034355748,2.6704649e-05,1.24952885e-05,-0.00010658295,5.8037597e-07,-3.668708e-06,-2.0328242e-05,3.6747967e-06,-0.00012960155,8.1803795e-05,2.178005e-05,0.0005352736,-7.561538e-05,-0.00016873199,6.6825625e-05,1.2278114e-06,-0.0019533674,-1.3712495e-05,-0.00012913819,-1.4790745e-05,4.2665074e-06,-5.8806516e-05,0.0002656997,-1.1541442e-05
CA*BU,-6.477944502842739,9.8699255,0.5116107566098508,0.00079134107,-0.06118518,0.009478021,-0.00016215444,0.010072773,1.3317495e-05,0.008809524,-0.012207907,-0.001667416,-0.0048752716,97.41542,0.01347643,-0.0015000957,-0.00033073724,-0.010067276,0.007193388,-1.9832519,0.087730005,-0.19147667,0.020332297,-0.15968499,0.026035838,0.20475058,-0.077780426,0.041728634,0.020056471,-0.0022692806,-0.15945348,-0.013947488,-0.03305867,-0.036156263,0.043623284,-0.01893702,0.0012330572,0.013257554,0.00025873428,0.005310315,-0.010454713,0.0035525253,-0.000768427,-0.058440357,0.0053051016,0.015274042,-0.10025638,-0.013340133,-0.038656805,-0.0145564405,0.005019895,-0.0062837563,0.001193895,-0.0024656663,-0.0073381364,-0.0020410502,-0.005635612,0.008820091,-0.0025581773,-0.061059654,-0.0040184604,0.0071658334,-0.06461916,-0.01626685,-0.01671149,-0.022571487,-3.430973e-07,-2.5976465,0.011930771,-0.057853922,0.02149634,0.0015460834,0.03304552,0.10701888,0.0075007635
CA*CS,0.1725578379314051,0.27472058,0.529924503374479,-0.00032946013,-8.852017e-05,3.758396e-05,-4.106871e-05,-2.1262023e-05,7.300609e-05,8.9604655e-05,0.00017150416,0.0006926126,-0.0018505789,0.01347643,0.0754714,-0.0017568282,-0.0023201106,-0.0088077355,-0.0011561707,0.06260159,0.00025689765,-0.0004285228,-0.004467849,0.0014147564,0.0016530959,0.00027138952,-0.000120199635,2.1378642e-05,3.0739884e-05,-2.8536015e-05,0.0007308553,2.6689925e-06,-0.00061254913,0.00066574424,-0.00023447048,-0.002126729,0.00018137568,4.221039e-05,8.6629436e-05,0.00064221973,-0.00010478017,-0.00021204077,7.605208e-05,0.005636403,-0.00021656019,0.00019095764,0.021229293,-0.0005597048,-0.0013116134,0.01410688,-0.000103924125,-0.0010918925,-3.9931798e-05,-9.0477806e-05,0.0011685973,-1.8678442e-05,-0.0004641026,-0.00019398179,2.3296954e-05,-0.0036359443,-0.00010204841,-8.092146e-05,0.0036731015,0.0027068262,-0.00028513136,-0.0006016644,-0.00017249121,0.058864094,-4.114915e-05,-0.0025934547,-0.0012810187,-0.0004606297,0.0034714476,0.0031961075,-0.00023246226
CA*CD,-0.3208941600323299,0.04837466,3.277798967122689e-11,-0.00022437844,1.5280519e-05,4.120467e-05,1.0228716e-05,0.00026136852,8.475835e-07,-1.258738e-05,-6.8933828e-06,0.00048209453,0.00014745002,-0.0015000957,-0.0017568282,0.002340108,-0.00020904747,0.001447961,0.0001084528,0.02144339,6.368542e-06,-0.00017180743,0.00022102421,-0.00077894755,-3.7489805e-05,3.5261994e-05,6.310428e-07,6.5766944e-05,-3.2545388e-05,-3.9827584e-05,-0.00018458895,0.00024013274,-8.363488e-05,-9.5503354e-05,-4.59107e-05,0.0016798635,-2.7383696e-05,-1.8441724e-05,-2.0110749e-05,6.9419446e-05,-7.456693e-05,3.6024037e-05,-1.8855602e-05,0.009612684,-0.00020728374,-0.0003022119,-0.005489174,-1.1308346e-05,6.438099e-05,-0.0019022188,-0.000268928,0.0002830989,4.0492614e-06,6.5464246e-06,-9.036003e-05,2.3575105e-05,-5.9452086e-05,-3.6951094e-06,-6.4165e-06,0.00088211405,1.0491868e-05,8.924557e-06,-0.00015464034,0.00087389076,-0.00018447221,6.684219e-05,1.0128662e-05,0.0030934475,1.9822894e-05,0.00018614964,5.1477437e-06,6.8538604e-05,-0.0003659469,-0.00027738462,3.073296e-05
CA*DP,-0.19974010820319976,0.11004671,0.06951645989473809,-0.00018115836,-0.00013006818,5.2264268e-06,-1.7609664e-06,0.0001479185,6.936624e-05,8.5089305e-05,5.285976e-05,0.00038074458,0.0005286109,-0.00033073724,-0.0023201106,-0.00020904747,0.012110278,-0.0054963054,0.00040731503,0.0028334432,-7.322619e-05,0.000649766,5.374199e-05,0.00026572437,-0.0014058361,0.00083564094,0.0002527678,-7.506878e-05,-0.000101945494,-2.7824608e-05,-0.000800915,3.150338e-05,0.0009657359,-0.00010872385,0.000121252386,0.00015238927,8.809718e-06,-7.561566e-05,3.5895605e-06,-0.00043237986,0.00010353262,0.00024061337,3.7808346e-05,-0.004266196,-0.00014517661,-0.00024614597,-0.009219048,-0.00013296232,0.0033075397,-0.0068830345,-0.0003061904,1.872296e-06,-2.6830452e-05,-4.7045294e-05,8.102419e-05,-1.1678703e-05,-0.00051738555,0.0005460743,2.9806766e-05,0.0007262357,-0.00021972683,-5.405363e-05,-4.4274988e-05,-0.0015927721,0.001293425,-0.00034387296,-9.520613e-05,0.041276295,-0.00020326546,-6.0736165e-05,0.00020262101,-2.372312e-05,0.00037575705,0.00040324443,-8.6570275e-05
CA*CH,-0.28437850080228577,0.10330079,0.005906685737655215,-0.00032809906,9.568957e-05,4.5423103e-06,-2.0064843e-05,-9.423201e-05,9.69801e-07,-5.87121e-05,-0.00012381913,0.0006894162,-3.1871834e-05,-0.010067276,-0.0088077355,0.001447961,-0.0054963054,0.010671053,-0.000577681,0.0589195,0.00011908706,-0.00054684054,0.0010088393,-0.00067009975,0.0007915666,-0.0010989744,-0.0001533806,8.7588516e-05,4.9604467e-05,1.7035605e-05,0.00074214936,-0.00011804546,-0.00052211114,-0.00016263484,-7.224139e-05,-0.0010930259,-2.3438097e-05,0.00010985264,3.9083534e-05,0.00041039585,-2.3742225e-05,-2.9243674e-05,-5.017686e-07,0.004731368,5.154182e-05,3.1394222e-05,0.0070150835,0.00012042525,-0.0019085478,0.0018961137,0.00011538406,-0.00012883074,-4.0599738e-05,-0.0001275591,0.00043481626,2.3808145e-05,0.00011229839,0.00031525423,-0.00010467338,0.0091208415,0.00011255972,-0.000105849256,0.0009653251,0.0003713033,-0.00021365078,0.0003780983,-5.2528012e-05,-0.026853476,0.00024018846,0.0010441651,1.0062387e-05,2.9823419e-05,-0.0012346946,-0.0015091002,0.00022118035
CA*BV,-0.23549514675595082,0.048537385,1.223273639218162e-06,-2.983089e-05,8.00976e-05,6.892459e-05,1.0015032e-05,4.4989106e-06,-1.2093089e-05,-2.209561e-05,0.00016183796,7.1412745e-05,-1.8141092e-05,0.007193388,-0.0011561707,0.0001084528,0.00040731503,-0.000577681,0.0023558778,-0.04897096,-0.00023892646,0.00028295233,-0.000370832,0.0013163111,-0.00029023126,0.00021915106,-0.00019040494,-2.1312633e-05,4.072806e-05,-2.9581786e-05,-0.00022582662,-0.0002894975,0.00016216128,-0.0011513045,0.00026027168,1.3973484e-05,1.2142737e-05,-1.7275055e-05,-1.9397914e-05,2.8233095e-05,5.7037763e-05,-0.00028079844,-6.4429037e-06,-0.0022664957,3.2079137e-05,-0.00018600661,-0.0006161125,4.96463e-05,0.00024164261,-0.0015482391,0.000118969634,0.00040858574,7.5294424e-06,3.2115873e-05,7.308432e-05,-4.3390704e-05,3.390512e-05,-0.00013258302,-3.6987171e-06,-0.0017732785,-1.951564e-05,-0.00013560834,-0.0013358404,-0.00025249517,0.000606645,0.00019777825,0.00013077768,-0.04640848,-3.1715754e-06,0.0014697438,7.411395e-05,6.9517337e-06,-0.0016232728,-0.002916549,-0.00011190238
BT*CA,16.89556132784999,4.80726,0.00044042882156367585,-0.00979174,0.0067110797,0.004013274,0.00019799362,0.004670839,0.001945752,0.009441075,0.0030099591,0.021249162,-0.041122243,-1.9832519,0.06260159,0.02144339,0.0028334432,0.0589195,-0.04897096,23.109749,-0.07202229,0.29617906,0.050758116,0.15730989,0.043491997,-0.30470818,-0.037574507,0.021497777,0.025031002,-0.00073268637,-0.0475651,-0.0040616775,-0.036066405,-0.045542296,0.017354641,0.053585544,0.004342788,-0.0010549286,-0.00047527126,0.00072686054,-0.0093059195,-0.0015201588,-0.0002857045,0.013130103,0.015816808,-0.004538366,-0.01733378,-0.007841398,-0.030329878,0.08610494,0.0060124286,0.03309891,0.0060352017,-0.0053596306,0.0039800885,-0.0016080384,-0.012289228,-0.000720884,0.0022120732,0.026068535,-0.0024028833,-0.008481696,-0.04571424,-0.016491849,-0.02847516,-0.025786934,-0.0077193775,5.851767,0.025265934,0.027656352,-0.015823286,-0.0027962064,-0.020991592,-0.06854674,-0.0017155858
BT*BT,-0.9346665622349712,0.05778144,7.460426103999929e-59,-1.02670265e-05,-0.0018128003,4.4512537e-05,4.891689e-06,-5.7009756e-06,6.8787645e-06,-5.343125e-05,-0.00011771317,2.1723106e-05,-0.00021336168,0.087730005,0.00025689765,6.368542e-06,-7.322619e-05,0.00011908706,-0.00023892646,-0.07202229,0.0033386948,-0.002650685,-0.0012498997,-0.006799627,-0.00079887145,0.0038999051,0.00029364388,0.00023956054,-0.0006199614,-0.0001374954,0.0006884843,-4.6113953e-05,0.00046761736,0.00025944118,-0.00029104162,3.1999007e-05,-9.2914685e-05,2.2550621e-05,-8.9429395e-06,-3.4789817e-05,1.2200913e-05,-5.574292e-05,1.2417583e-05,-0.00023200673,-0.0003996511,2.5898311e-05,0.00057177397,-2.7026676e-06,0.00016587916,-0.000463127,-7.5607844e-05,-0.00018898361,-0.00015815487,-1.8165714e-05,0.00014401274,5.624057e-06,4.60635e-05,3.978455e-05,6.0136394e-06,9.0463756e-05,-0.00011803234,5.3505213e-05,0.0006053441,0.00018302082,0.00017145633,0.00010597156,1.2554377e-05,0.0017810011,-0.00054908346,-0.0005352795,0.001025165,-4.4517932e-05,0.0009113959,0.0006670866,3.5754576e-05
BT*BU,0.7284666739524035,0.1882406,0.00010889337185884602,2.0909732e-05,-0.0014943612,-0.0009949757,7.907557e-06,-0.00035046358,-6.2143204e-06,0.00015513392,-0.0001674989,-4.4631106e-05,8.1730264e-05,-0.19147667,-0.0004285228,-0.00017180743,0.000649766,-0.00054684054,0.00028295233,0.29617906,-0.002650685,0.03543452,7.3660354e-05,0.010716182,0.00016364446,-0.031198261,0.0016487152,0.00032827302,0.0010317088,0.00093277305,0.000614949,0.0015625976,0.00026115682,0.0014165813,0.0016829119,0.0005185883,-1.1693659e-05,0.00015420509,-1.8721355e-05,-8.011365e-05,-0.00089110323,-0.000492651,4.608673e-05,0.0012169002,0.0006036968,0.000205603,0.002031524,0.00042112713,0.00038493949,0.0047991895,0.00042404013,0.00019137845,3.89892e-05,2.502398e-05,0.00041836474,-0.00010473033,-5.4465618e-06,-0.00023346626,-7.026081e-06,-0.0014243218,-0.00027812942,-5.8090965e-05,-0.0004186239,-0.0011572998,-0.000333202,-0.0003532468,-0.00021994863,0.014296502,1.7435817e-05,0.0018988821,-0.00040114712,0.00044558,-0.0005349063,-0.0014923973,0.00014029842
BT*CS,-0.026235504693675134,0.1900927,0.8902291405500219,-9.885906e-07,-9.373444e-05,0.00017919079,5.6388044e-06,5.991857e-05,2.0832664e-05,5.2464484e-06,-6.586291e-05,9.10904e-07,-0.00030793552,0.020332297,-0.004467849,0.00022102421,5.374199e-05,0.0010088393,-0.000370832,0.050758116,-0.0012498997,7.3660354e-05,0.036135234,0.0055098156,-0.0014241675,0.0007507761,-0.00014307583,0.00045063597,-0.00019897055,-0.00015057455,-0.0030714187,-0.00030256945,0.00038656502,-0.00023838722,-0.00012368035,-8.326494e-05,0.00017920817,-5.5699118e-05,-9.212139e-06,-9.039011e-05,-4.547548e-05,-6.501693e-05,5.47156e-05,0.0011299183,0.00014193695,1.4599384e-05,-0.0029918544,-9.0833244e-05,0.00015222088,-0.00075153116,4.718917e-05,0.0004118063,1.2043184e-05,4.3474865e-05,-3.220641e-05,-4.7892147e-05,-0.00014990798,-0.00017949397,-2.183656e-06,0.00053167704,2.0011143e-05,5.5840253e-05,0.00087163545,-3.459828e-06,-0.00031157193,-2.0517007e-06,-2.4194076e-05,0.022280492,0.0003102047,0.00013098658,0.0019463764,0.00020352719,-0.0011562965,-0.00026413877,5.8516987e-05
BT*CD,1.1439753291176655,0.24953589,4.552657046381073e-06,4.683373e-05,0.0013233026,-0.00014115068,-6.023882e-07,-0.00070835603,-2.039919e-05,3.1790652e-05,0.00027612306,-9.889445e-05,-9.257327e-05,-0.15968499,0.0014147564,-0.00077894755,0.00026572437,-0.00067009975,0.0013163111,0.15730989,-0.006799627,0.010716182,0.0055098156,0.06226816,0.0035560112,-0.0033423076,0.0011367825,-0.00090020656,0.0004964554,0.00035125914,-0.001530791,-0.0009557839,0.00033187616,-0.0006519138,0.0007656943,-0.00016830352,-0.00020219147,6.473116e-05,1.3851196e-06,-8.0509035e-06,-0.00010216644,-2.5412173e-05,5.8926893e-05,-0.00026984402,-0.00094272423,0.0004273265,0.010405826,0.0006083343,0.0013493034,0.0075099375,0.00038748118,0.00045940405,0.00020874504,4.335156e-05,-0.00080392376,8.541455e-05,5.9320646e-05,-0.00023886979,-2.7679089e-05,-0.001318949,-0.00043773776,-0.00011083632,0.0022553355,-0.0014235099,0.0001617173,0.0001077524,-7.053855e-05,-0.050589457,0.0005773168,0.0015131559,-0.0022854102,0.0013960715,-0.0027834545,-0.0013045173,-0.00030202145
BT*DP,-0.06021915493481765,0.14621979,0.6804567176887786,1.8557795e-06,-0.00032713488,8.066995e-05,-1.5882526e-05,3.1649695e-05,-3.138561e-05,-2.4834511e-05,2.2573324e-06,-4.462882e-06,-0.0003014234,0.026035838,0.0016530959,-3.7489805e-05,-0.0014058361,0.0007915666,-0.00029023126,0.043491997,-0.00079887145,0.00016364446,-0.0014241675,0.0035560112,0.021380225,-0.00072181155,0.00030591228,0.00037908336,-0.00023368554,-6.159367e-05,0.000739153,1.6517741e-06,-0.0006924736,-0.00011852834,-3.377862e-05,-0.00077965955,1.2262235e-05,-0.00019194328,3.051447e-05,9.828147e-05,0.0011808934,0.00019391075,-9.592429e-05,-0.0015062692,-0.00014489502,-9.822576e-05,0.002488041,-5.4547458e-05,-8.7848544e-05,0.00048927136,5.462051e-05,-0.0002880582,-5.732674e-06,-3.3020642e-05,-2.4313344e-05,9.457676e-05,0.0003401863,-2.7843682e-06,8.2011546e-05,-0.0004342759,3.0677842e-05,-0.00012733352,-0.0005353493,0.0004183343,0.0011048415,-2.2939594e-05,-1.7216524e-05,-0.00047980668,-5.3092368e-05,-0.0005365198,-0.0007407625,-0.00023069872,0.0020122915,0.0001083235,8.287337e-06
BT*CH,-1.755761621063364,0.29265544,1.9802884217048196e-09,-2.0255608e-05,-0.0021497079,0.0006590738,-4.6639918e-05,0.00020634891,-2.3742896e-06,-0.00012790677,-0.00013287792,4.580209e-05,7.761799e-05,0.20475058,0.00027138952,3.5261994e-05,0.00083564094,-0.0010989744,0.00021915106,-0.30470818,0.0038999051,-0.031198261,0.0007507761,-0.0033423076,-0.00072181155,0.08564721,0.0014146861,-0.0022751216,-0.0019040846,-0.00065011485,0.001097483,-0.0010796919,0.0016332348,-0.0013052644,-0.0017368349,-0.00042227635,-0.00021277928,2.5185682e-05,9.585168e-05,0.00011307791,0.00088773837,0.0021172422,-0.00013106345,-4.7881564e-05,-0.00055598037,0.00022658368,-0.0022212795,-0.00038271942,0.0007821485,-0.008021108,-0.0004369472,-0.0007708476,-0.00022077926,-2.68989e-05,-0.0009224164,0.00014735262,3.4004253e-05,0.00082240254,-7.405697e-05,-0.0008339408,0.0011769049,0.00045144215,0.004207741,-0.0006570413,-0.00027364708,0.0006079055,0.00025701005,-0.06924051,-0.00072346523,-0.0025719174,0.00078488875,0.00033129755,0.00054167456,0.005004687,-6.171095e-05
BT*BV,0.0828950985386749,0.08036655,0.30232390310074175,-3.298359e-06,-0.0011261485,-0.00010423864,9.576532e-06,-0.00012408642,-3.7860589e-06,-4.2034073e-05,0.00022786683,6.433221e-06,0.00015528666,-0.077780426,-0.000120199635,6.310428e-07,0.0002527678,-0.0001533806,-0.00019040494,-0.037574507,0.00029364388,0.0016487152,-0.00014307583,0.0011367825,0.00030591228,0.0014146861,0.006458782,-0.00036660794,5.6097956e-06,5.574606e-05,0.00049532484,6.6357235e-05,0.0003950927,8.795275e-05,-2.2159451e-05,6.5205213e-06,-2.5257708e-05,-6.0734103e-05,-1.8289264e-05,-9.2971284e-05,-4.1529336e-05,-8.849087e-05,2.6450152e-05,0.0005125188,6.8354006e-05,-8.422097e-06,0.00073033216,0.00017432829,0.0003452181,0.00075873215,1.5077097e-05,-1.078965e-06,-1.0656696e-06,-2.136284e-05,-5.9442285e-05,-1.4095101e-05,4.566549e-05,5.7593093e-06,2.412772e-06,0.00018017086,1.1069624e-05,-3.0614807e-05,0.00020954577,-2.8861165e-05,-1.007314e-08,7.0631395e-05,3.56804e-05,0.016966213,5.4480144e-05,-0.0005197804,-5.1586336e-05,-0.000263342,-0.0003145444,-0.00024890184,-0.00019395107
BU*CA,0.16204407055777287,1.1508336,0.8880233445775655,3.2405162e-06,-0.00015328446,-0.0009650217,6.724785e-06,0.00032087066,4.9973646e-06,0.000114237286,0.00041777815,-6.812878e-06,-4.981412e-05,0.041728634,2.1378642e-05,6.5766944e-05,-7.506878e-05,8.7588516e-05,-2.1312633e-05,0.021497777,0.00023956054,0.00032827302,0.00045063597,-0.00090020656,0.00037908336,-0.0022751216,-0.00036660794,1.3244181,0.00035009478,0.0006834605,0.004827342,0.0009001343,0.0013100876,0.0022442583,-0.0007278142,0.0007866149,-7.5553195e-05,0.00023072535,-1.4110775e-05,4.9894963e-05,0.00018043531,-0.00019979167,-3.92576e-05,-0.00089094567,-0.0002450362,0.0002247631,-0.0021456191,-0.00040916094,-0.0012868547,-0.0038025565,-2.608045e-05,4.2799e-05,-1.8608218e-05,4.5709723e-05,-8.467841e-05,7.682892e-06,-5.8724807e-05,4.3334334e-05,1.4947109e-05,0.00027186246,-7.953879e-05,7.706228e-05,-0.002036757,-0.00034917245,4.4334123e-05,-0.00033907307,-2.70944e-05,0.047173385,-0.00043149336,0.0005662409,-0.0011083278,0.00010271511,-0.0009799516,-0.0017724679,-0.0003802679
BU*BT,-0.6357940953302863,0.04481233,1.0882702646666565e-45,-2.579992e-06,0.00039979024,-0.00092116697,-7.4217755e-06,-0.00012760014,-1.1711347e-05,-6.2816216e-05,-0.00010937436,5.5172013e-06,6.48025e-05,0.020056471,3.0739884e-05,-3.2545388e-05,-0.000101945494,4.9604467e-05,4.072806e-05,0.025031002,-0.0006199614,0.0010317088,-0.00019897055,0.0004964554,-0.00023368554,-0.0019040846,5.6097956e-06,0.00035009478,0.002008145,0.001017643,-0.002809666,0.0011083503,-0.00014263556,0.00010610814,0.0012471449,-0.00031660128,0.00013874727,-0.00017698227,1.37804445e-05,-5.4842003e-06,-4.1629017e-05,9.221979e-05,-2.8168819e-05,0.00014451031,0.0004014387,-0.00032792398,0.0007879281,0.00017427889,7.478929e-05,0.0007904381,0.00012224357,-4.8125545e-05,0.00015161764,-0.00010708056,-0.00014033509,-2.9169325e-05,1.6662749e-05,3.911586e-05,-4.78249e-06,-9.756408e-05,0.00028154848,-0.00020916303,9.774328e-05,6.386511e-05,0.00016759471,0.0001795437,2.0039692e-05,-0.01891424,0.0007617701,-0.0012345811,-0.00046435214,0.0002106271,0.00045633927,0.00062717963,6.659353e-05
BU*BU,-1.0040329763190676,0.04675055,2.588652614380489e-102,-1.7773709e-06,6.5340646e-05,-0.0010371692,-8.592057e-07,-0.00017810137,-4.9558716e-06,-6.478689e-05,-0.00021089376,3.7937657e-06,2.322983e-05,-0.0022692806,-2.8536015e-05,-3.9827584e-05,-2.7824608e-05,1.7035605e-05,-2.9581786e-05,-0.00073268637,-0.0001374954,0.00093277305,-0.00015057455,0.00035125914,-6.159367e-05,-0.00065011485,5.574606e-05,0.0006834605,0.001017643,0.0021856138,-0.0017049784,0.00049040467,-0.0006072793,-0.00035831175,0.0016512173,0.00016834865,-1.9845058e-06,-4.8886737e-05,2.1095059e-06,-6.5990804e-05,4.1752755e-05,-8.804699e-05,1.23602e-05,0.0005813464,0.000111970716,-3.0701376e-05,0.001354483,0.0002326227,0.00027006085,0.0013256251,0.000108383065,-6.8182926e-05,8.9443665e-06,-3.513378e-05,-3.3138218e-05,-1.6267199e-05,4.12572e-05,4.3297845e-05,-3.30577e-06,0.00016090283,5.3065993e-05,-4.648055e-05,0.00021122192,1.0015293e-05,0.0001849912,0.00017123099,2.5382411e-05,-0.0057466263,0.00016402938,-0.00024778492,0.00027980324,0.00016466745,0.0006532811,0.0004594896,0.00015665809
BU*CS,-0.5735533382217347,0.36859307,0.11969356072119262,6.1740104e-07,-0.00041030964,-0.00012200619,0.00018176176,-0.00016460184,1.5981177e-05,-0.00020383917,-0.0023222798,-1.2662531e-06,3.5972982e-05,-0.15945348,0.0007308553,-0.00018458895,-0.000800915,0.00074214936,-0.00022582662,-0.0475651,0.0006884843,0.000614949,-0.0030714187,-0.001530791,0.000739153,0.001097483,0.00049532484,0.004827342,-0.002809666,-0.0017049784,0.13586085,0.00439019,-0.015342205,0.0043314835,-0.0073663243,0.0009021092,-0.0002048437,0.0023382877,-0.0003573611,1.8503772e-05,-0.001947243,-0.001149858,0.00047879532,-0.006321286,-0.00033980023,0.0017879566,0.03079694,0.00044409416,-0.0057781828,-0.009289884,-0.0016192939,-0.0005811945,-0.00017366605,0.00046825293,0.0014484418,0.00033385545,-0.0006277242,0.00011121842,-0.00021422097,0.000854612,-0.0003337326,0.0014102862,0.018296909,-0.0015677433,-0.002462865,0.00029932443,-0.00015944825,-0.0059527215,0.000555529,0.0073892577,0.014392509,-0.0030105107,0.001966971,-0.00069742947,0.0022807873
BU*CD,-0.6491327319565732,0.08775602,1.3927845007228874e-13,-2.7390388e-06,4.37627e-06,-0.0012067513,-1.7276669e-05,0.00013194613,2.0396566e-05,-0.0001638887,-0.00052886386,6.03027e-06,4.748852e-05,-0.013947488,2.6689925e-06,0.00024013274,3.150338e-05,-0.00011804546,-0.0002894975,-0.0040616775,-4.6113953e-05,0.0015625976,-0.00030256945,-0.0009557839,1.6517741e-06,-0.0010796919,6.6357235e-05,0.0009001343,0.0011083503,0.00049040467,0.00439019,0.0077011194,-0.0018558173,0.0039672228,0.00071477034,-0.0011183459,4.2914864e-05,-0.00014620095,3.4586184e-05,0.00042584003,-0.00019468974,0.0005316984,-7.593864e-05,-0.0018913584,-0.0002112823,0.00080246065,0.0005157121,0.00061518286,-0.00086197694,-0.0011046408,-0.00024608773,-0.0004440799,-2.2693557e-05,-4.077875e-05,9.6428405e-05,-4.261087e-06,-0.00012572797,0.00037226762,-0.000101136415,0.002030058,0.00012644264,0.0005907842,0.0003010684,0.0019380401,-0.00032574587,0.00018266735,0.00013355713,-0.016134774,0.00049227884,-0.000837903,-0.0002850282,0.0016889311,0.00095281005,0.0025781782,0.00030526007
BU*DP,-0.35633528458459307,0.16560523,0.03141979726541566,-1.1901745e-05,-0.00033304715,-0.00042842538,-2.3682544e-05,-0.0005645508,-8.921971e-05,-7.285021e-05,-0.00049879885,2.4284587e-05,-3.6628804e-05,-0.03305867,-0.00061254913,-8.363488e-05,0.0009657359,-0.00052211114,0.00016216128,-0.036066405,0.00046761736,0.00026115682,0.00038656502,0.00033187616,-0.0006924736,0.0016332348,0.0003950927,0.0013100876,-0.00014263556,-0.0006072793,-0.015342205,-0.0018558173,0.027425092,-0.003380998,-0.00034609908,0.0003875289,-0.00016841518,0.00014538287,4.482314e-05,-0.0004974767,0.0030144507,-0.0004619514,-6.656735e-05,0.0030293115,8.23404e-05,8.7574794e-05,-0.006287782,0.00039197507,0.010600669,0.0072015594,0.00047347462,-0.0018820252,1.5617517e-05,-2.8191798e-05,0.0007100706,0.00012760762,0.0023917519,1.8733961e-05,7.078235e-05,-0.0034133566,-9.9082295e-05,1.0352278e-05,-0.0029517938,-0.0001265801,0.0045837564,-9.3404815e-05,-5.423205e-05,0.0022185259,-0.00015085732,5.7125e-06,-0.00083747995,1.9572908e-05,0.011701137,-0.0026277315,0.00034420012
BU*CH,-0.4774917387242619,0.13467947,0.00039202699834703744,2.9484509e-06,-0.00011036934,-0.00093863695,-5.6958394e-05,-0.00024557658,-1.4413015e-05,-0.00027424959,-0.0011791238,-6.080418e-06,0.00015369075,-0.036156263,0.00066574424,-9.5503354e-05,-0.00010872385,-0.00016263484,-0.0011513045,-0.045542296,0.00025944118,0.0014165813,-0.00023838722,-0.0006519138,-0.00011852834,-0.0013052644,8.795275e-05,0.0022442583,0.00010610814,-0.00035831175,0.0043314835,0.0039672228,-0.003380998,0.01813856,-0.0015753262,-0.0010687889,5.100218e-05,-0.00017666061,0.00011173822,0.00027652015,-0.0005827932,0.0023816389,-0.00015652773,0.0019817369,0.000104200495,0.0011989613,0.0054306607,0.00018333546,-0.0009726696,0.0016808158,-0.0005590216,-0.00073765154,-7.2275274e-05,0.0001947096,-0.0009252791,-3.7346294e-05,-0.00018774466,0.0013064365,-2.1374839e-05,0.00086892315,0.00019815419,0.0009678382,0.006285138,0.00081328413,-0.00032653386,0.0011167891,0.000110381654,-0.060465086,0.0008023628,0.00021494238,-0.0011312744,0.0011192636,-0.0008725447,0.011540143,0.00067352864
BU*BV,-0.6497045146444015,0.082422286,3.2055723130948403e-15,-1.320323e-06,9.6581934e-05,-0.001269851,2.010178e-05,-0.0001343106,1.2923173e-05,-9.600495e-06,0.0007730272,2.6979026e-06,2.7265174e-05,0.043623284,-0.00023447048,-4.59107e-05,0.000121252386,-7.224139e-05,0.00026027168,0.017354641,-0.00029104162,0.0016829119,-0.00012368035,0.0007656943,-3.377862e-05,-0.0017368349,-2.2159451e-05,-0.0007278142,0.0012471449,0.0016512173,-0.0073663243,0.00071477034,-0.00034609908,-0.0015753262,0.006793433,2.2033631e-05,-4.7197245e-05,-0.0003263696,-3.845571e-05,-0.00016824079,0.00047279478,-0.0004936511,0.00017642979,0.0003216279,5.5073036e-05,-0.0008205198,-0.00044994635,0.00017340978,0.0010279219,-0.00072198024,0.0010687928,-0.00031756645,1.1839964e-05,-0.00021717067,0.000715062,-8.458832e-05,-4.5329492e-05,0.00017258915,3.684207e-05,-0.0015342443,-1.5421112e-05,-0.0005167996,0.0007204485,-0.00069081085,0.0004833035,7.139842e-05,0.00015043514,0.018067082,-0.00084170484,0.0032998978,2.7118833e-05,0.00048725,3.2071723e-05,-0.0018643278,-0.0007055633
CS*CA,-0.3843228628310262,0.39995876,0.3365993192402027,1.596177e-05,-0.00012621771,-1.4378838e-05,-0.00032815023,-0.0002748347,4.0289633e-05,3.8802442e-05,4.0669354e-05,-3.2278687e-05,1.2306663e-05,-0.01893702,-0.002126729,0.0016798635,0.00015238927,-0.0010930259,1.3973484e-05,0.053585544,3.1999007e-05,0.0005185883,-8.326494e-05,-0.00016830352,-0.00077965955,-0.00042227635,6.5205213e-06,0.0007866149,-0.00031660128,0.00016834865,0.0009021092,-0.0011183459,0.0003875289,-0.0010687889,2.2033631e-05,0.15996702,-0.00057026366,0.002407948,0.0006508775,-0.0017973017,-0.0036939315,-0.010018816,0.00085026195,0.09323624,-0.00010367028,0.00020376858,-0.003443877,-0.00065151224,-0.0026647418,0.014973159,0.00040874924,0.0030054683,-0.00015952905,1.3954539e-05,0.0003150401,-0.0002966628,-0.00024501962,9.236438e-05,-1.2733968e-05,0.051917966,-3.9458588e-05,-0.00025779693,-0.018245112,0.0018004676,-0.00024655138,-0.00016794729,-0.00030909278,-0.017094105,-3.067839e-05,-0.000889312,-0.00021523316,-0.00032855646,0.0008290713,0.0010266607,-1.3821397e-05
CS*BT,-0.11448295531809184,0.01670114,7.14128297513406e-12,1.6067346e-06,9.099918e-05,-9.562882e-06,-0.000113857575,-1.3022413e-05,-4.075702e-06,-1.0862533e-05,-3.9812808e-06,-3.3138829e-06,5.974383e-06,0.0012330572,0.00018137568,-2.7383696e-05,8.809718e-06,-2.3438097e-05,1.2142737e-05,0.004342788,-9.2914685e-05,-1.1693659e-05,0.00017920817,-0.00020219147,1.2262235e-05,-0.00021277928,-2.5257708e-05,-7.5553195e-05,0.00013874727,-1.9845058e-06,-0.0002048437,4.2914864e-05,-0.00016841518,5.100218e-05,-4.7197245e-05,-0.00057026366,0.00027892806,1.814777e-05,0.00022751013,0.00025963626,0.0003270904,0.0005832403,-1.287683e-05,-0.00058542844,0.00017325523,4.5390557e-06,-0.00052953354,6.1929686e-06,-9.2703995e-05,-0.00021805271,-1.0647824e-05,1.28589245e-05,5.0431685e-05,-2.1157479e-05,2.6011221e-05,5.190968e-06,-1.8643788e-05,4.9626942e-05,-1.396857e-05,-9.610739e-06,0.00010852024,-1.2412376e-06,-0.00035699244,-5.1506628e-05,-9.665684e-06,2.5778576e-05,-1.8029545e-05,-0.0009871409,8.343745e-05,-6.7706176e-05,-5.2984364e-05,-2.8092552e-05,-6.731636e-05,1.201692e-05,8.526758e-06
CS*BU,-0.12985414315012234,0.04097877,0.0015306178919473154,-2.2344316e-06,-3.6236743e-05,0.00015197576,-0.00012841684,-5.7476296e-05,1.6932265e-05,-3.6429246e-05,9.164281e-06,4.8006796e-06,5.4247603e-06,0.013257554,4.221039e-05,-1.8441724e-05,-7.561566e-05,0.00010985264,-1.7275055e-05,-0.0010549286,2.2550621e-05,0.00015420509,-5.5699118e-05,6.473116e-05,-0.00019194328,2.5185682e-05,-6.0734103e-05,0.00023072535,-0.00017698227,-4.8886737e-05,0.0023382877,-0.00014620095,0.00014538287,-0.00017666061,-0.0003263696,0.002407948,1.814777e-05,0.0016792597,0.00025581114,0.00033861212,-0.0020045324,-0.00031433953,0.00020070333,0.00031512912,4.2384636e-05,0.0007861706,-0.0002085196,7.033639e-05,-0.0008017202,-0.00093240495,-4.723094e-05,0.00017942437,-6.081251e-05,0.00019529114,-5.9270867e-05,-7.177145e-05,-6.520346e-05,-0.00014044117,-3.182688e-05,-0.0007128406,-1.7880782e-05,0.00061547855,0.000377565,-0.0002553068,-0.0006899711,9.6043324e-05,-1.2262019e-05,-0.0013825172,-4.5168883e-05,0.0002327221,0.00018769233,-0.00010670193,8.990754e-05,-0.00022215392,-1.3058651e-06
CS*CS,-0.26821445215351514,0.024085335,8.379303478154065e-29,8.0132577e-07,4.5579513e-06,-1.2886517e-05,-0.0002266142,-3.5431603e-05,-3.5850614e-06,-2.4957122e-05,-3.4479697e-06,-1.6701116e-06,2.6925522e-06,0.00025873428,8.6629436e-05,-2.0110749e-05,3.5895605e-06,3.9083534e-05,-1.9397914e-05,-0.00047527126,-8.9429395e-06,-1.8721355e-05,-9.212139e-06,1.3851196e-06,3.051447e-05,9.585168e-05,-1.8289264e-05,-1.4110775e-05,1.37804445e-05,2.1095059e-06,-0.0003573611,3.4586184e-05,4.482314e-05,0.00011173822,-3.845571e-05,0.0006508775,0.00022751013,0.00025581114,0.0005801034,0.00048607384,0.000646645,0.0007839172,8.1494785e-05,-0.0004036722,5.9342496e-05,6.4305474e-05,-0.001304157,4.1326562e-05,8.654381e-05,-0.0003510694,2.4150155e-05,2.1517606e-05,9.254418e-06,-4.4051995e-07,6.566118e-05,2.877502e-06,1.6525328e-05,4.0810937e-05,-9.649985e-06,1.9820616e-05,3.492622e-05,4.5237633e-05,-0.0007460354,-8.4245665e-05,9.855586e-05,5.702989e-05,-4.9667046e-06,-0.00083042623,3.538327e-06,-5.547069e-05,2.766924e-06,-2.2881745e-06,-4.9934002e-05,7.1887116e-05,2.4063056e-06
CS*CD,-0.38362929873041457,0.05802998,3.82039062029855e-11,1.2203909e-05,2.2423796e-05,5.1910596e-05,-0.00024037866,9.1003174e-05,3.172375e-05,3.563746e-06,3.6341848e-05,-2.606046e-05,-3.648064e-05,0.005310315,0.00064221973,6.9419446e-05,-0.00043237986,0.00041039585,2.8233095e-05,0.00072686054,-3.4789817e-05,-8.011365e-05,-9.039011e-05,-8.0509035e-06,9.828147e-05,0.00011307791,-9.2971284e-05,4.9894963e-05,-5.4842003e-06,-6.5990804e-05,1.8503772e-05,0.00042584003,-0.0004974767,0.00027652015,-0.00016824079,-0.0017973017,0.00025963626,0.00033861212,0.00048607384,0.0033674785,0.000118349715,0.001655495,2.4070634e-05,-0.0071633044,-0.00016789271,-0.00023667072,0.021339493,0.00044185985,-0.0007507434,0.0027589237,-0.00028665317,-0.00037670182,-2.5137257e-05,-0.000104256804,0.0003071442,9.045828e-05,-0.000232281,0.00021174375,-4.7977403e-05,-0.0029910011,-4.5997476e-05,-0.00026769645,0.00623954,0.0015728092,0.00072441506,-0.00019894795,-8.859548e-05,0.00021745526,-2.0854231e-05,5.3060936e-05,-9.494423e-06,7.158508e-05,-0.00023014781,-0.000114227914,-2.6373604e-05
