Param name,Param value,Param stdv,Param p-value,CA,BT,BU,CS,CD,DP,CH,BV,CA*CA,CA*BT,CA*BU,CA*CS,CA*CD,CA*DP,CA*CH,CA*BV,BT*CA,BT*BT,BT*BU,BT*CS,BT*CD,BT*DP,BT*CH,BT*BV,BU*CA,BU*BT,BU*BU,BU*CS,BU*CD,BU*DP,BU*CH,BU*BV,CS*CA,CS*BT,CS*BU,CS*CS,CS*CD,CS*DP,CS*CH,CS*BV,CD*CA,CD*BT,CD*BU,CD*CS,CD*CD,CD*DP,CD*CH,CD*BV,DP*CA,DP*BT,DP*BU,DP*CS,DP*CD,DP*DP,DP*CH,DP*BV,CH*CA,CH*BT,CH*BU,CH*CS,CH*CD,CH*DP,CH*CH,CH*BV,BV*CA,BV*BT,BV*BU,BV*CS,BV*CD,BV*DP,BV*CH,BV*BV
CA,0.2566692676435061,0.010249658,2.1477662091183497e-138,0.000105055486,1.3876836e-06,6.23942e-07,8.53592e-08,3.916918e-06,1.5559216e-06,3.527344e-06,5.432991e-06,-0.00023353435,-6.4200016e-05,-0.004920331,-0.00026213744,-0.00020694449,-0.00019212901,-0.00038256616,-5.139335e-05,-0.009198169,-5.3939434e-06,6.440559e-06,-3.6530098e-06,5.1291436e-06,-5.8368305e-06,7.671215e-06,-2.249404e-06,-0.005556722,-4.094606e-06,-1.3410043e-06,7.792337e-06,-2.4224307e-06,5.898861e-06,9.381223e-06,1.1066821e-06,-3.0006808e-07,-4.458583e-07,-7.9844745e-07,-1.5898841e-07,7.093104e-07,1.2237473e-05,-4.7618923e-06,1.8268398e-06,4.2121533e-06,-9.62444e-06,-8.757763e-06,6.0356047e-05,-7.1746986e-06,3.1387583e-05,-2.769572e-05,2.0068317e-06,-0.00028748522,-2.0868276e-06,2.224598e-06,3.5568903e-06,2.6679126e-07,-1.3504711e-05,-1.542751e-05,2.3025718e-06,0.00018846252,-6.3507787e-06,-6.7277974e-06,2.6905896e-05,-9.458958e-06,1.3268565e-05,-7.006527e-06,-5.4934794e-06,-0.0037550821,-1.2426958e-05,-1.9125433e-05,2.4658816e-06,3.874655e-06,6.6416134e-05,3.1067586e-05,-9.231277e-06
BT,0.7168307328805221,0.037210133,1.0690559247491807e-82,1.3876836e-06,0.0013845941,8.069048e-05,-3.5672676e-06,-3.0375488e-05,-6.923888e-06,3.4684446e-05,0.00011332601,-3.019306e-06,0.00011067488,-0.21661665,4.4451244e-06,-2.1081526e-06,-5.537172e-05,4.320633e-05,0.00010193816,-0.004236023,-0.0014997802,-0.0023307349,0.0002473324,-0.0003495798,1.694021e-05,-0.00040351064,-0.0004954837,0.020989649,0.00023708513,-3.3830656e-05,-0.00070190325,-0.00012520574,-0.00043092167,-0.00019271475,8.039171e-05,-0.00010589175,8.5662876e-05,-3.23932e-05,6.781343e-06,1.352351e-05,5.4226944e-05,5.857078e-05,-1.0742863e-05,-6.471241e-06,0.00032092677,5.1045936e-06,-0.00052994257,0.00010015849,-7.467026e-05,0.00025661534,0.00010270581,-1.5257368e-05,8.735394e-05,2.3973193e-06,-2.9528932e-05,1.9156285e-05,-1.0431143e-05,3.517281e-05,-8.2934785e-06,-3.2650885e-05,6.879121e-05,-3.9426464e-05,-0.0004366281,-5.9594207e-05,-0.0001396789,-6.044173e-05,-6.16662e-06,-0.008766186,0.00054479693,3.156473e-05,-0.0007809585,-0.0001604431,-0.0004513171,-0.00014813764,-5.5689656e-05
BU,0.7154645061812882,0.029289221,8.714351083577982e-132,6.23942e-07,8.069048e-05,0.00085785845,5.396827e-06,0.00039035227,1.30427225e-05,5.1246894e-05,0.0003321068,-1.3310542e-06,-1.2201569e-05,-0.3110967,1.0544631e-05,5.4764732e-05,2.4427989e-05,-1.2059315e-05,8.1034545e-05,0.0056842132,-0.00010435438,-0.00032588083,8.735346e-05,-4.25012e-05,3.94674e-05,0.00012274455,-3.557186e-05,-0.25723356,-0.0008011931,-0.0010671129,-0.00045950187,-0.0010949298,-0.00067157584,-0.00077907107,-0.0010620385,4.0641714e-07,-3.4228736e-07,5.432782e-05,-1.1082909e-05,3.0176698e-05,-6.0432838e-05,-1.7996379e-05,-1.289515e-05,-0.00011908789,-0.00027274643,-0.00014128428,-0.0010621557,-0.000646462,-0.0010620166,-0.00094222085,-0.0005088618,7.2735515e-05,-1.4653001e-05,1.5770876e-05,2.7873317e-05,-5.0221884e-06,-6.975234e-05,-6.9018686e-05,2.3956054e-06,1.0265986e-05,-3.7608737e-05,5.4140277e-05,-0.0005462679,2.267852e-05,-0.0002506127,-9.750441e-05,-2.830507e-05,0.00031937333,-0.00021319685,-0.00018230765,-0.00023702413,-0.00080133893,-0.00082211033,-0.0005667065,-0.00024030646
CS,0.268096344815288,0.010697929,1.3386389252393546e-138,8.53592e-08,-3.5672676e-06,5.396827e-06,0.0001144457,1.5028287e-05,2.3655305e-06,9.478934e-06,4.7475455e-06,-1.7959435e-07,-1.4530412e-06,0.0047724945,1.1352188e-05,2.909055e-07,-1.2725001e-06,-1.0054717e-05,4.921355e-06,0.00039813432,5.420134e-06,1.4327225e-05,1.4942032e-05,-2.1947963e-06,-1.4987265e-05,-4.9345505e-05,5.0702806e-06,0.0029471936,-9.015369e-06,-2.106457e-06,0.0002911994,-1.5609294e-05,-4.029522e-05,-3.9385355e-05,1.9958898e-05,-8.410318e-05,-0.00012457273,-0.00011504495,-0.00023429397,-0.00021863134,-0.0005307674,-0.00036801497,-4.0303188e-05,-5.1221905e-06,-3.1004318e-05,-1.8615037e-05,0.00045252725,-1.48892605e-05,-8.168166e-05,-3.9181556e-05,7.72511e-06,-7.4288405e-06,-8.911556e-06,6.9366604e-07,1.2510343e-05,-7.3021133e-06,-1.7090427e-08,-3.0454985e-05,1.2141397e-05,0.00012790698,-2.070498e-05,-1.2318214e-05,0.00048715144,-1.1978117e-05,-5.9771817e-05,-1.5475214e-05,4.4725675e-06,0.00037045366,-5.0880794e-06,7.3617666e-06,-1.0039844e-06,1.2748264e-05,2.3968763e-05,-1.3788238e-05,-2.0101886e-06
CD,0.860615565026149,0.06008824,1.5825719357336227e-46,3.916918e-06,-3.0375488e-05,0.00039035227,1.5028287e-05,0.0036105965,4.04823e-05,0.00010425746,0.00066855416,-8.686297e-06,-3.327743e-05,0.47909403,5.9973976e-05,0.0005293158,9.2548995e-05,-7.6721706e-05,2.0941116e-05,0.020977046,2.9816305e-05,-1.4290964e-05,0.00010378468,-7.463474e-05,3.180045e-05,9.666323e-06,-6.199598e-06,0.1456157,-0.0003393989,-0.00054955814,-0.00030166085,0.00026820434,-0.00090330583,-0.00013022868,-0.00032895184,4.4702352e-05,-3.7471088e-06,3.8538645e-05,-3.157731e-05,0.00040082855,-4.9149567e-05,4.0075472e-05,-2.3025075e-05,-0.0005549631,-0.0028177155,-0.0025502723,-0.008248049,-0.00614802,-0.009083958,-0.012213011,-0.003153314,0.0002437132,-2.6937183e-05,-1.3907269e-05,2.3133454e-05,5.9607893e-05,-0.00025601228,3.9152833e-06,9.62764e-06,-0.0002750179,-1.5448377e-05,-4.7545636e-06,-0.0009433514,0.00086432137,-4.863575e-05,-0.0002432244,-1.8212317e-05,0.0142505225,-0.00049579435,-0.0005297326,-0.0003042167,0.0002668248,-0.0013955344,-0.0006016947,-0.0006389788
DP,0.2928445007179892,0.015112503,1.1921198371831139e-83,1.5559216e-06,-6.923888e-06,1.30427225e-05,2.3655305e-06,4.04823e-05,0.00022838775,1.3269467e-05,2.4265042e-05,-3.3437111e-06,-2.6716629e-08,-0.0014399546,5.7005876e-05,-9.7704e-06,4.1702565e-06,-4.3936383e-05,-2.5270945e-05,0.0009865273,8.3727855e-06,6.184192e-06,1.8416378e-05,1.4767666e-07,-2.1026324e-05,1.4278431e-05,1.6376963e-07,0.000108407956,-5.683016e-06,1.399577e-07,-4.558678e-05,1.225493e-05,-1.2387296e-05,2.2734266e-05,4.168486e-06,9.6200665e-06,-6.211126e-06,2.348056e-05,-4.702101e-06,1.8292538e-06,0.00036668577,4.335532e-06,6.3126035e-06,9.756803e-06,-3.1702468e-05,4.425652e-05,1.9332942e-05,-6.458772e-05,0.0005329033,-7.571253e-05,-2.3295219e-05,0.0005419969,-0.00019038921,-6.114991e-05,-0.00016026136,-0.00032243648,-0.0013104513,-0.000410961,-8.771189e-05,-6.7597815e-05,-1.4626598e-05,2.132425e-05,4.091852e-05,-1.5772472e-05,0.00029316355,-2.5724552e-05,5.4905843e-08,0.0028423993,-2.4940906e-05,0.00011739141,-2.649545e-05,-6.163322e-05,0.00082497,-7.658474e-05,-4.468825e-06
CH,0.47129612108384195,0.013503558,7.024140858413947e-267,3.527344e-06,3.4684446e-05,5.1246894e-05,9.478934e-06,0.00010425746,1.3269467e-05,0.00018234608,2.4989939e-05,-7.636471e-06,-1.663684e-05,0.03836079,6.762356e-05,-2.1011524e-06,5.9676793e-05,8.475455e-06,-2.7067612e-05,0.005535189,-4.9447826e-05,6.0225993e-05,5.1936286e-06,-1.3696209e-05,-7.5570365e-06,-6.564384e-05,-1.2123058e-05,0.006225636,-3.8106784e-05,-5.2551495e-05,-0.00017788186,-9.2591355e-05,-7.97399e-05,-0.00016575707,-4.7704547e-05,8.674638e-05,-6.919208e-06,-3.367966e-05,-1.9268837e-05,-1.3375482e-05,7.432431e-05,-0.00014476007,-5.6490094e-06,-0.00014022406,-7.803944e-05,-0.00017280977,-0.000642321,-0.00013916564,-5.029405e-05,-4.3181884e-05,-7.8115096e-05,0.0002287625,-7.4683408e-06,-1.0915078e-05,-2.0341133e-06,-8.040973e-06,-8.830756e-05,-7.033952e-05,4.61291e-06,-0.0010439794,-0.00014805386,-0.00025335286,-0.0013043071,-0.00036143654,-0.00021569978,-0.00031118013,-0.00014660515,0.0028217223,5.377407e-06,1.3926598e-05,-4.627728e-05,-3.7484595e-05,-0.00012363674,-8.58001e-05,-7.637471e-06
BV,0.8954638764027218,0.038603764,4.963918415989016e-119,5.432991e-06,0.00011332601,0.0003321068,4.7475455e-06,0.00066855416,2.4265042e-05,2.4989939e-05,0.0014902505,-1.1806068e-05,1.465796e-05,0.16904315,6.517176e-05,6.937708e-05,6.959458e-05,-0.00011709242,0.00017737107,0.0071314643,-0.00012857995,-0.00018251037,-2.6852706e-05,-3.388871e-05,4.5184803e-05,-0.00030541272,4.1096588e-05,0.23438045,-0.00019795833,-0.00036802856,-0.0016600421,-0.00060084887,-0.0003954651,-0.0008675462,0.0004203044,3.8451184e-05,-1.1342025e-06,3.8787894e-06,-9.8534965e-06,6.135716e-05,4.294321e-05,-6.144585e-05,-2.9215514e-07,-9.353806e-05,-0.000471562,-0.000608331,-0.0011966296,-0.0012076927,-0.0012520195,-0.0011643328,0.00019599377,0.000251862,-7.828001e-06,-2.936587e-05,-1.5032268e-05,2.1942747e-05,-0.00020679811,-5.64009e-05,1.5679676e-05,-0.00016446043,-8.246235e-06,-4.071553e-05,-8.388575e-05,0.00019537898,-2.6153253e-05,-4.8205104e-05,-3.930755e-05,0.010527546,-0.0014591697,-0.0017547307,1.7302396e-05,-0.0015848522,-0.0024367203,-0.0016869548,-0.0013794379
CA*CA,-0.2854412311376616,0.024993028,3.290606502551037e-30,-0.00023353435,-3.019306e-06,-1.3310542e-06,-1.7959435e-07,-8.686297e-06,-3.3437111e-06,-7.636471e-06,-1.1806068e-05,0.00062465144,0.0001441758,0.010893489,0.00056058145,0.0004564167,0.00040910524,0.0008224128,0.00011921836,0.020334138,1.1574758e-05,-1.4375721e-05,6.9919224e-06,-1.1106816e-05,1.2628295e-05,-1.3874107e-05,4.6980754e-06,0.012240468,8.850764e-06,2.8552513e-06,-1.6757738e-05,5.177529e-06,-1.2839157e-05,-1.9760906e-05,-2.4000292e-06,2.9889013e-06,1.0436825e-06,1.6004439e-06,3.3563776e-07,-1.5628247e-06,-2.619158e-05,1.03059265e-05,-3.982013e-06,-8.4102985e-06,2.1215736e-05,1.9198555e-05,-0.00012934627,1.589252e-05,-6.8534435e-05,6.0095364e-05,-4.049624e-06,0.0006463441,4.481736e-06,-4.8330894e-06,-7.5104463e-06,-6.0277057e-07,2.9474191e-05,3.3134304e-05,-5.0527065e-06,-0.00041770312,1.3711166e-05,1.4895367e-05,-6.0119288e-05,2.0377143e-05,-2.9869467e-05,1.5150551e-05,1.1948237e-05,0.008390187,2.6965794e-05,4.0193645e-05,-5.5427163e-06,-7.932145e-06,-0.00014039777,-6.50418e-05,1.9977162e-05
CA*BT,-0.20855879433624858,0.026614541,4.6411847546556284e-15,-6.4200016e-05,0.00011067488,-1.2201569e-05,-1.4530412e-06,-3.327743e-05,-2.6716629e-08,-1.663684e-05,1.465796e-05,0.0001441758,0.0007083338,-0.038783878,-0.0015607567,-4.0566915e-06,0.00046743755,5.6152134e-05,-0.00014111625,-0.05423595,-0.00014944028,4.696729e-05,-0.00027068448,1.0162263e-05,-0.00025207832,-0.00021537703,0.00010002035,-0.006084008,2.6731279e-05,1.1408557e-05,8.752015e-05,1.0053703e-05,-0.00015058306,0.00018654525,4.2150183e-05,-6.0642946e-05,1.6205735e-05,-1.994296e-06,2.593708e-06,1.530228e-05,-2.0602602e-05,2.6614749e-05,-3.540832e-06,-3.6803514e-05,9.836545e-05,-1.5981072e-05,0.0006150521,3.3612716e-05,-0.00020471167,0.0005601324,8.657091e-05,0.0006917258,1.0328228e-05,-4.4078533e-06,4.3645618e-05,-3.2359667e-06,-3.2002063e-05,2.7433362e-05,-1.7231832e-05,-0.00019759517,9.685108e-05,-1.3190419e-05,9.146926e-05,7.0899325e-05,-9.695188e-05,2.7484233e-05,9.790847e-06,-0.0055417866,-8.623349e-05,-0.00015020877,-7.333362e-05,2.1493091e-05,0.000119257784,0.0004589715,-1.2571891e-06
CA*BU,-67.98314480101075,103.993034,0.5132871446079001,-0.004920331,-0.21661665,-0.3110967,0.0047724945,0.47909403,-0.0014399546,0.03836079,0.16904315,0.010893489,-0.038783878,10814.552,-0.0026796989,0.06569769,-0.004176705,0.041035287,0.07140352,3.831924,0.2986343,-0.4376506,0.09905231,0.039227623,0.12586352,0.33597058,-0.067899615,-3352.3857,0.25818375,0.29582655,0.8447178,0.09633789,0.3853436,0.40331492,0.13882214,0.072134726,-0.010980424,0.109615296,-0.009723933,-0.02235984,-0.023397148,-0.03158742,-0.015613189,0.17690702,-0.38699225,-0.028390024,-2.3472276,-0.86538714,-1.3950117,-0.88513285,-0.2013025,-0.048438564,0.008653046,0.0013230862,0.011920701,0.012861247,-0.022290193,0.04026316,-0.022211097,-0.068837516,-0.008609333,0.08333093,-0.49787685,0.07234483,-0.16335897,-0.07393078,-0.014007435,3.0373416,-0.12432599,0.010985829,-0.20506692,-0.15168068,-0.1828416,-0.51110995,-0.14595453
CA*CS,-0.12240860081832902,0.29202163,0.6750871575331052,-0.00026213744,4.4451244e-06,1.0544631e-05,1.1352188e-05,5.9973976e-05,5.7005876e-05,6.762356e-05,6.517176e-05,0.00056058145,-0.0015607567,-0.0026796989,0.085276626,-0.0007830976,-0.004212266,-0.012554736,-0.0009747687,0.06868101,-1.6946067e-05,-7.602232e-05,-0.0045463457,4.8316262e-05,0.0014733524,0.0014520962,-0.00021513646,-0.04557279,2.9174653e-06,-5.0511808e-05,0.0008197548,-9.497939e-05,-8.218938e-05,0.00045582314,4.8023412e-05,0.0011463278,0.00014005804,-5.968063e-05,-2.0525846e-05,2.2913926e-05,-6.312798e-05,2.8503464e-05,0.00013593699,0.00096865033,-4.287304e-06,-0.00024953316,0.005663796,-0.00012247969,0.0003109736,-0.0031988055,2.506626e-05,-0.0019286292,1.8478811e-06,2.4679295e-05,0.00053859944,-8.784241e-05,-0.0005090489,-0.0007093318,0.00013384369,0.0022556144,-0.00019037866,-1.7164411e-05,0.005206114,-0.0004977486,-0.0012421728,-0.00019839473,-0.00022335643,0.092989124,-0.00013008123,-0.0010080284,-0.0017423662,0.00028932103,0.0047706254,0.0019059639,-0.00018852626
CA*CD,-0.32449718836313624,0.056303028,8.243335671408802e-09,-0.00020694449,-2.1081526e-06,5.4764732e-05,2.909055e-07,0.0005293158,-9.7704e-06,-2.1011524e-06,6.937708e-05,0.0004564167,-4.0566915e-06,0.06569769,-0.0007830976,0.003170031,-0.00032536522,0.0014442028,0.00038488713,0.0042182733,-4.468707e-05,0.00013346683,0.00016575091,-0.00011816331,0.0001049355,-0.00013395933,4.048548e-05,0.026971005,-3.9935647e-05,-7.7598204e-05,-0.00014567022,0.00015629781,-9.361865e-05,-0.00012011286,-7.1127855e-05,-6.500164e-05,-4.2268557e-06,-1.2746002e-05,-8.4585366e-07,0.00019603013,1.7964472e-05,2.2279119e-05,-2.3260722e-05,0.0015155264,-0.00039820556,-0.0005218893,-0.0006481904,-0.00059032126,-0.0012295174,-0.00110802,-0.0006057203,-0.00030778456,1.1991537e-05,4.557453e-06,-0.00011604325,-0.00011606331,0.00016016953,9.535563e-05,-8.7596645e-06,-0.0007338166,1.9215626e-05,-1.9632706e-05,-0.0004498646,0.0004400213,0.00014539078,-1.2865684e-06,2.9834537e-05,-0.009689829,-3.6946338e-05,8.710164e-05,-7.1979026e-05,8.517687e-05,-0.0007045553,-0.00038411407,-5.100336e-05
CA*DP,-0.07796067548533142,0.12123244,0.5201801319748691,-0.00019212901,-5.537172e-05,2.4427989e-05,-1.2725001e-06,9.2548995e-05,4.1702565e-06,5.9676793e-05,6.959458e-05,0.00040910524,0.00046743755,-0.004176705,-0.004212266,-0.00032536522,0.014697306,-0.0065807737,0.00013834302,0.0196384,-2.8302125e-05,-2.1537575e-05,0.00036936929,9.412427e-05,-0.0009179189,0.0009797625,7.648982e-05,-0.015926525,-0.00012690782,-4.8927126e-05,-9.662546e-05,-5.0015966e-05,8.7534834e-05,0.0004944859,1.8161707e-05,0.0006053607,-4.7489457e-06,-0.00012448501,2.8447844e-06,4.381943e-05,0.00065252784,-6.752134e-05,-2.6592777e-06,0.0004345583,-0.0002034026,-0.0002083578,0.0013317083,-0.00013928446,0.00062597025,-0.00021765607,-8.636638e-06,0.00059198594,-3.896705e-05,1.674711e-05,-7.087421e-05,-6.589397e-05,0.00013298845,0.00016210585,5.469226e-05,-7.997439e-05,-0.00015411821,-1.7052782e-05,-0.0014894351,-8.9535795e-05,0.0007923258,-0.00012483967,-7.553189e-05,0.050236132,-0.00022139584,-0.0006564374,0.00029088417,0.00014212207,0.0011510554,0.0015796444,-9.3014234e-05
CA*CH,-0.30405125892262064,0.11672542,0.009191669092432084,-0.00038256616,4.320633e-05,-1.2059315e-05,-1.0054717e-05,-7.6721706e-05,-4.3936383e-05,8.475455e-06,-0.00011709242,0.0008224128,5.6152134e-05,0.041035287,-0.012554736,0.0014442028,-0.0065807737,0.013624824,-0.0003358772,0.03589706,9.173952e-05,4.438016e-05,0.0009772428,-0.00015204007,0.00046817004,-0.0017975263,1.7795193e-05,0.07283983,0.00011232324,4.678487e-05,-6.542682e-05,-8.398407e-06,0.00011771992,-0.0006075311,-3.8010767e-05,-6.7116904e-05,-2.811401e-05,1.2986535e-06,1.9214016e-05,4.937351e-05,0.00031578614,0.0007275116,-6.317756e-05,-0.0003580163,7.087872e-05,-3.104892e-06,-0.00055840163,0.00019973516,0.00033785717,-3.5477522e-05,-0.00013782468,-0.0039151656,7.057963e-05,-5.5108358e-05,-8.289354e-05,0.0002125322,0.00015540622,0.0004209049,4.0767813e-05,0.005902493,1.5929543e-05,-0.00032866106,0.003832655,-0.00011435394,0.0009997005,8.9068395e-05,-0.00012131121,-0.049924143,0.00038253976,0.0011157718,0.00023174699,-0.00033776305,-0.002376594,-0.002283407,0.00022361561
CA*BV,-0.24849377907805875,0.06415216,0.00010728071571468967,-5.139335e-05,0.00010193816,8.1034545e-05,4.921355e-06,2.0941116e-05,-2.5270945e-05,-2.7067612e-05,0.00017737107,0.00011921836,-0.00014111625,0.07140352,-0.0009747687,0.00038488713,0.00013834302,-0.0003358772,0.0041154996,-0.071971245,-0.00020484012,-2.4933244e-05,-0.00062288425,0.0001750687,-0.0002783768,0.00063167384,-0.00019337366,0.08918665,7.573513e-05,-3.5833902e-05,-0.0007004651,-0.00012162037,0.00027634745,-0.0014672788,7.877553e-06,0.00016270438,2.2135015e-05,-5.523845e-06,-9.614775e-06,-4.837425e-05,-0.00011211091,-0.00020109603,1.2369731e-05,-0.00023256014,-4.078854e-05,0.00013002486,-0.0015120866,-1.24909175e-05,-3.459698e-05,-0.0015699762,-9.6403746e-05,0.0009336624,7.005295e-09,8.241516e-06,-2.3456343e-05,-7.6078955e-05,0.0003329844,-7.898775e-05,-4.536492e-05,-0.0014618332,-4.290079e-05,-2.380958e-05,-0.0006479433,-5.3149794e-05,0.00028491282,9.959962e-05,0.00016293279,-0.09069095,0.00022421073,0.0013868749,-0.000443317,-0.0008253503,-0.0032654195,-0.003961341,-0.00015687836
BT*CA,16.727762734182647,5.0004044,0.0008219894625149677,-0.009198169,-0.004236023,0.0056842132,0.00039813432,0.020977046,0.0009865273,0.005535189,0.0071314643,0.020334138,-0.05423595,3.831924,0.06868101,0.0042182733,0.0196384,0.03589706,-0.071971245,25.004044,-0.055860568,0.26201814,0.059774417,-0.00063391495,0.050747126,-0.21247749,-0.021822471,5.586594,0.011313711,-0.0050604553,-0.020215416,-0.008867651,-0.031458236,-0.031012997,-0.0046943715,0.03174443,0.004822692,-0.002511543,-0.0008446212,-0.00026005585,-0.011549482,0.00226963,-0.00023650542,0.04218804,0.010559786,-0.019382862,-0.103235476,-0.035815593,-0.08320448,-0.03534575,-0.016770769,0.064908385,0.0063438737,-0.0029344235,-0.009645028,-0.000373928,-0.013416541,-0.0057053934,0.0044947476,0.010738668,-0.00013083906,-0.0077774026,-0.004778303,-0.004526657,-0.026028093,-0.011820238,-0.0071935994,8.514452,0.026975943,-0.016531518,-0.006605507,-0.0027898196,0.005477826,-0.043387074,-0.007858295
BT*BT,-0.9422788574884707,0.051748533,4.394470227537787e-74,-5.3939434e-06,-0.0014997802,-0.00010435438,5.420134e-06,2.9816305e-05,8.3727855e-06,-4.9447826e-05,-0.00012857995,1.1574758e-05,-0.00014944028,0.2986343,-1.6946067e-05,-4.468707e-05,-2.8302125e-05,9.173952e-05,-0.00020484012,-0.055860568,0.0026779107,-0.000490842,-0.0014807166,-0.00012183162,-0.0010320912,0.0014438216,0.00026993747,-0.03324524,-0.00025087254,3.1901516e-05,0.0008620924,0.00015667737,0.0006527801,0.00023279073,-0.00010316007,2.8724824e-05,-7.937384e-05,1.3105732e-05,-1.0358704e-05,-3.4962352e-06,5.9853573e-05,-9.495628e-05,1.3943641e-05,-0.00010378228,-0.0003362493,-5.3650463e-05,0.00078414456,-7.932242e-05,0.0002815851,-0.00044329124,-0.00013618289,-9.3048e-05,-9.709183e-05,-4.4978706e-06,3.7991722e-05,-2.144859e-06,1.4666437e-05,-3.1134936e-05,1.0821389e-05,9.7336786e-05,-5.046704e-05,4.124206e-05,0.00039409022,0.00010007883,0.0002638504,8.139918e-05,1.934018e-05,0.008942506,-0.00057246385,-0.00016855648,0.0011310541,0.00021207648,0.00070145936,0.00023483817,6.0285154e-05
BT*BU,0.40002742896073146,0.16400784,0.014724911732127711,6.440559e-06,-0.0023307349,-0.00032588083,1.4327225e-05,-1.4290964e-05,6.184192e-06,6.0225993e-05,-0.00018251037,-1.4375721e-05,4.696729e-05,-0.4376506,-7.602232e-05,0.00013346683,-2.1537575e-05,4.438016e-05,-2.4933244e-05,0.26201814,-0.000490842,0.026898572,-0.00058614404,0.00095606165,-0.0005290081,-0.021118488,0.00054770306,0.1692,0.00037004362,0.00047816645,0.0014968973,0.0004291099,0.0001441525,0.00020585534,0.00023683811,0.00044715978,-5.791291e-05,0.00029357825,-2.9563585e-05,-0.0001362032,-0.0010898439,-0.00017972846,1.0769665e-05,0.00036623524,-0.0001770448,0.00030420112,0.0008646716,-0.00022048195,-0.00091314554,0.0006280525,7.6248376e-05,-5.915514e-05,-4.22781e-05,2.6528525e-05,0.00010813753,-0.00014865812,0.00012556386,-0.00018956374,-8.973891e-06,-0.0006560787,-0.00021929458,6.9871465e-05,0.0012295186,-0.00024368736,-0.00049442286,-0.00012059267,-0.00017377622,0.011722816,-0.0003766966,0.00047036092,0.00029305654,0.00010371987,0.00011309826,-0.00034912035,0.00012267432
BT*CS,0.026078283412221057,0.18871398,0.8900906846775172,-3.6530098e-06,0.0002473324,8.735346e-05,1.4942032e-05,0.00010378468,1.8416378e-05,5.1936286e-06,-2.6852706e-05,6.9919224e-06,-0.00027068448,0.09905231,-0.0045463457,0.00016575091,0.00036936929,0.0009772428,-0.00062288425,0.059774417,-0.0014807166,-0.00058614404,0.035612967,0.000541471,-0.00026238334,-0.00033475028,-0.00012916327,0.009729523,3.074472e-05,-0.00011523392,0.0011485721,-0.00010623844,-0.0007265929,5.4017797e-05,-0.00020023542,7.8986486e-05,0.00019516815,2.7054191e-05,-2.7553388e-05,-7.021839e-05,-0.0003697617,-0.00010518402,7.90771e-05,0.0003719507,0.00025273854,3.705022e-05,0.0005767323,-0.00028033002,-0.0014724917,-0.00011302382,-6.9414305e-06,0.00017282824,6.7369365e-05,9.3585195e-06,-3.299534e-05,-9.810889e-05,-0.0001881995,-0.00015816519,-3.456123e-06,-9.027796e-05,8.499123e-05,3.3889635e-05,0.0021509852,-5.8944624e-05,-0.0006164075,-2.152367e-05,-5.68135e-05,0.03214501,0.0005866101,-4.9542054e-05,0.0020988125,-1.0153579e-05,-0.0014981561,-8.1078266e-05,5.1782237e-05
BT*CD,0.014845774360954023,0.06194632,0.810597363501321,5.1291436e-06,-0.0003495798,-4.25012e-05,-2.1947963e-06,-7.463474e-05,1.4767666e-07,-1.3696209e-05,-3.388871e-05,-1.1106816e-05,1.0162263e-05,0.039227623,4.8316262e-05,-0.00011816331,9.412427e-05,-0.00015204007,0.0001750687,-0.00063391495,-0.00012183162,0.00095606165,0.000541471,0.0038373468,0.00038670807,0.000759666,0.00023131752,-0.013614318,-2.530061e-06,3.5609763e-05,-0.00018713712,0.00013719173,7.3263964e-06,3.2678592e-05,4.0035622e-05,-1.4608785e-05,-2.9593974e-05,-3.969579e-06,4.075686e-06,3.874776e-05,-6.561432e-05,-6.360527e-06,-5.701561e-06,-0.00013013303,3.2886917e-05,3.4861823e-05,-0.00016546168,0.00024293826,0.00017264094,-0.00017231955,4.082066e-05,4.645608e-05,-7.3963342e-06,-6.963369e-06,-4.57836e-05,3.8268376e-05,-5.2788277e-05,1.0873245e-05,-8.733368e-06,8.472083e-05,-3.6051756e-06,9.487188e-06,-0.00034567653,4.7086378e-05,-2.617939e-05,2.8933926e-05,2.6931408e-05,-0.009427132,-0.000114683426,1.4464367e-06,-5.5973396e-05,0.00024787025,-0.00019257273,0.00010554964,-1.4126091e-06
BT*DP,-0.03419161893164626,0.15149356,0.8214372149645184,-5.8368305e-06,1.694021e-05,3.94674e-05,-1.4987265e-05,3.180045e-05,-2.1026324e-05,-7.5570365e-06,4.5184803e-05,1.2628295e-05,-0.00025207832,0.12586352,0.0014733524,0.0001049355,-0.0009179189,0.00046817004,-0.0002783768,0.050747126,-0.0010320912,-0.0005290081,-0.00026238334,0.00038670807,0.0229503,-0.00037242382,0.00018958782,-0.0057887165,-8.644078e-05,-7.30879e-05,-0.00083693943,-0.0001557395,0.0011905966,-0.00033527476,-2.1393462e-05,-0.00043819495,-3.753626e-06,-0.0001555388,2.8616549e-05,-2.4024936e-07,0.0014660299,0.000109054796,-6.3069376e-05,-6.523149e-06,-8.027885e-05,-0.00016568552,-0.0016203581,-0.000105008614,0.0018717889,0.0007514813,5.2796473e-05,-0.00036548031,-6.629691e-05,-1.1323876e-06,4.455893e-05,8.873955e-05,0.0003972696,8.332375e-05,8.537005e-05,-0.00045377118,3.1186194e-06,-0.00013944301,-0.0010104702,7.509398e-05,0.0017025975,-2.3748624e-05,-1.50947935e-05,0.016461732,-0.00019746054,-0.00027664108,-0.00069104,-4.8955982e-05,0.0025507417,-0.00033822865,-2.8564218e-05
BT*CH,-1.4795212928977166,0.24626172,1.8791567345375957e-09,7.671215e-06,-0.00040351064,0.00012274455,-4.9345505e-05,9.666323e-06,1.4278431e-05,-6.564384e-05,-0.00030541272,-1.3874107e-05,-0.00021537703,0.33597058,0.0014520962,-0.00013395933,0.0009797625,-0.0017975263,0.00063167384,-0.21247749,0.0014438216,-0.021118488,-0.00033475028,0.000759666,-0.00037242382,0.060644835,0.0005486214,-0.3685403,-0.00056532,-0.00035400176,0.00047675997,0.0001554619,-0.00032548947,0.0033856842,-0.00081714906,-0.0006388376,-4.9821672e-05,-4.5951514e-05,9.784226e-05,0.00023859224,0.000425841,0.0017324722,-0.00017887632,0.00066260115,1.9827885e-05,0.00044110423,0.0002441985,-0.0002063441,0.00087943353,0.0017400443,-0.0007675558,-0.00039802113,-8.8222376e-05,1.582627e-05,-0.00018781147,0.00016313643,-0.0003654059,0.0007774895,-0.00011283032,-0.0005542137,0.0010437403,0.0006331055,0.0007386835,1.956093e-05,-0.00067565654,0.00033455994,0.00029281265,-0.07227479,-0.00011081765,0.00016712959,-0.0001592245,0.00018235351,-0.0015114101,0.004326379,7.463232e-05
BT*BV,0.0036103696061534386,0.055477533,0.9481118582633452,-2.249404e-06,-0.0004954837,-3.557186e-05,5.0702806e-06,-6.199598e-06,1.6376963e-07,-1.2123058e-05,4.1096588e-05,4.6980754e-06,0.00010002035,-0.067899615,-0.00021513646,4.048548e-05,7.648982e-05,1.7795193e-05,-0.00019337366,-0.021822471,0.00026993747,0.00054770306,-0.00012916327,0.00023131752,0.00018958782,0.0005486214,0.0030777568,0.01087047,-2.1144699e-05,1.8991985e-05,-5.3803942e-05,3.5618385e-05,0.0001539209,9.1647025e-06,0.00014304649,3.133886e-05,-8.468885e-06,-1.9679306e-05,-9.645304e-06,-2.1554388e-05,-2.6525959e-05,-6.423402e-05,2.2962065e-05,-6.607081e-06,-5.347534e-05,-3.3992495e-05,0.0005134774,-3.4378347e-05,-6.527028e-07,-2.8959546e-05,9.463267e-05,-4.0065665e-06,-2.753619e-06,-4.1965027e-06,9.1135e-06,-1.9690926e-05,7.0332767e-06,-1.5466374e-05,1.0088449e-05,3.6372126e-05,-1.467401e-06,-9.247888e-06,0.00014005257,8.810396e-06,-2.0826803e-06,1.6965972e-05,1.8251023e-05,0.009803098,7.854507e-05,-5.4436405e-05,6.189021e-05,-8.3436316e-05,6.6594794e-06,2.288529e-05,-1.7356242e-05
BU*CA,53.916518269969636,54.07065,0.3186919628865843,-0.005556722,0.020989649,-0.25723356,0.0029471936,0.1456157,0.000108407956,0.006225636,0.23438045,0.012240468,-0.006084008,-3352.3857,-0.04557279,0.026971005,-0.015926525,0.07283983,0.08918665,5.586594,-0.03324524,0.1692,0.009729523,-0.013614318,-0.0057887165,-0.3685403,0.01087047,2923.635,0.14375813,0.23870884,1.1521325,0.176929,0.36094034,0.37637043,-0.012130317,0.07853573,-0.014997744,0.03457877,-0.0058963653,-0.011810411,0.08407017,-0.051265985,-0.002212313,0.1403405,-0.14682771,-0.0014332739,-0.67964536,-0.26882675,-0.4628214,0.026753748,0.01037135,-0.0036473766,-0.0058980878,0.01437045,0.039861593,-0.0016618287,0.035621777,-0.040167514,0.0026884654,-0.081989214,-0.006590253,-0.005516856,-0.010686175,0.051756755,0.057954255,-0.014800594,-0.012929284,12.730675,-0.26562697,0.22306907,-0.23052186,-0.20796928,-0.37853178,-0.9146789,-0.21181832
BU*BT,-0.5880935152759456,0.040102273,1.0826831095836374e-48,-4.094606e-06,0.00023708513,-0.0008011931,-9.015369e-06,-0.0003393989,-5.683016e-06,-3.8106784e-05,-0.00019795833,8.850764e-06,2.6731279e-05,0.25818375,2.9174653e-06,-3.9935647e-05,-0.00012690782,0.00011232324,7.573513e-05,0.011313711,-0.00025087254,0.00037004362,3.074472e-05,-2.530061e-06,-8.644078e-05,-0.00056532,-2.1144699e-05,0.14375813,0.0016081923,0.0010419339,-0.0022991265,0.00082514784,5.5699857e-05,0.00012616128,0.0011806516,-0.00019505159,0.00013514938,-0.00013251169,1.6823671e-05,-4.8435053e-05,-2.7292264e-05,9.245793e-05,-2.9802979e-05,9.950881e-05,0.00074189843,-0.00014176319,-0.0004423771,0.00052442675,0.00072960975,0.0009798363,0.0006109698,5.3092182e-05,0.0001314489,-2.6985826e-05,-0.00015719394,-9.117023e-06,-0.00013682968,-3.699213e-07,-3.76661e-06,-4.4383833e-05,0.00022249497,-0.00014354987,-6.164035e-05,-5.342153e-05,0.00014068499,7.7576835e-05,2.2269613e-05,-0.013302905,0.0008067555,-0.0002757804,-0.00046619595,0.00072951743,-4.9170783e-05,0.00026744578,0.00013394274
BU*BU,-0.9657208524490682,0.047721583,4.6659099547382005e-91,-1.3410043e-06,-3.3830656e-05,-0.0010671129,-2.106457e-06,-0.00054955814,1.399577e-07,-5.2551495e-05,-0.00036802856,2.8552513e-06,1.1408557e-05,0.29582655,-5.0511808e-05,-7.7598204e-05,-4.8927126e-05,4.678487e-05,-3.5833902e-05,-0.0050604553,3.1901516e-05,0.00047816645,-0.00011523392,3.5609763e-05,-7.30879e-05,-0.00035400176,1.8991985e-05,0.23870884,0.0010419339,0.0022773496,-0.0009793472,0.00064479973,-0.00070852344,-3.312768e-06,0.0014735647,5.6861878e-05,-5.8301985e-06,9.844861e-06,4.5624342e-06,-6.9276946e-05,-6.3295345e-05,-3.2475356e-05,1.03351595e-05,0.00024035377,0.00036743915,0.00042473298,0.0014250847,0.0008926853,0.0013153615,0.0015050139,0.00064159534,-5.0246585e-05,9.3288924e-07,9.846486e-06,-7.929899e-05,-2.9819039e-05,-9.378211e-06,1.0533633e-05,-1.8529983e-05,8.363791e-05,2.528603e-05,2.354319e-05,0.0004971883,-7.482193e-05,0.00014384658,0.00010077908,2.0069358e-05,0.0017071026,0.00023536557,0.0003666479,0.00027171138,0.0007703472,0.00041001572,0.0003310005,0.0002859565
BU*CS,-0.8323221100182414,0.3626973,0.02174390285116126,7.792337e-06,-0.00070190325,-0.00045950187,0.0002911994,-0.00030166085,-4.558678e-05,-0.00017788186,-0.0016600421,-1.6757738e-05,8.752015e-05,0.8447178,0.0008197548,-0.00014567022,-9.662546e-05,-6.542682e-05,-0.0007004651,-0.020215416,0.0008620924,0.0014968973,0.0011485721,-0.00018713712,-0.00083693943,0.00047675997,-5.3803942e-05,1.1521325,-0.0022991265,-0.0009793472,0.13154933,0.0019265324,-0.017450554,0.001947984,-0.007919783,0.0017062954,-0.0003402008,0.0027576745,-0.0005827198,0.00011894606,-0.0027304098,-0.0016507872,0.0005468914,-0.0015802137,-0.0011110121,0.0031862848,0.05383139,3.455033e-05,-0.012920918,0.004035747,-0.004547188,-0.0037986508,-0.00024355708,0.00013216048,0.0034716476,-0.00040572006,0.0012884499,0.0009602597,-0.00038169426,-0.001653652,-0.00032599954,0.0012681137,0.021106474,0.00052525767,-0.0032758683,0.00024946878,-0.00020643347,-0.025476957,0.00042235974,0.0021765695,0.014127662,-0.0038785026,0.013380996,0.00031001173,0.0016531462
BU*CD,-0.5415319453304263,0.0728874,1.0883926541858332e-13,-2.4224307e-06,-0.00012520574,-0.0010949298,-1.5609294e-05,0.00026820434,1.225493e-05,-9.2591355e-05,-0.00060084887,5.177529e-06,1.0053703e-05,0.09633789,-9.497939e-05,0.00015629781,-5.0015966e-05,-8.398407e-06,-0.00012162037,-0.008867651,0.00015667737,0.0004291099,-0.00010623844,0.00013719173,-0.0001557395,0.0001554619,3.5618385e-05,0.176929,0.00082514784,0.00064479973,0.0019265324,0.0053125727,0.00077786087,0.0024185115,0.0010282026,-5.4591485e-05,-1.7323156e-05,0.0001000973,3.0527164e-05,0.0005124382,-0.00069859653,0.00017824014,6.5431095e-06,-0.00060010504,-0.00033650073,0.001434682,0.00021568511,0.00034246358,-0.00269522,-0.0024682176,0.00035056958,-0.00030512418,-4.31563e-05,5.353058e-05,-0.00015419652,8.747871e-05,-8.159946e-05,2.8808665e-05,-4.8610924e-05,0.00075285626,4.574882e-05,0.00029732144,0.00050782366,0.00076408725,-0.00044640098,0.00012093862,0.00010397697,0.012893401,0.00027297105,0.0010908867,-2.883462e-05,0.003657966,-0.00017083458,0.0010630883,0.0003080445
BU*DP,-0.5502233991613044,0.18972743,0.003730756688834111,5.898861e-06,-0.00043092167,-0.00067157584,-4.029522e-05,-0.00090330583,-1.2387296e-05,-7.97399e-05,-0.0003954651,-1.2839157e-05,-0.00015058306,0.3853436,-8.218938e-05,-9.361865e-05,8.7534834e-05,0.00011771992,0.00027634745,-0.031458236,0.0006527801,0.0001441525,-0.0007265929,7.3263964e-06,0.0011905966,-0.00032548947,0.0001539209,0.36094034,5.5699857e-05,-0.00070852344,-0.017450554,0.00077786087,0.035996497,-0.0038802794,0.0010635871,7.234383e-05,-0.00023419107,0.0002009153,7.905976e-05,-0.00028765525,0.006973543,-0.00080975017,-3.117232e-05,-0.0009582132,0.00017099305,0.0007946777,-0.009333294,0.0011168739,0.026805423,-0.0011531924,0.001341243,-0.0023703089,-3.4084173e-05,0.00016546325,0.0010849746,0.0003319175,0.0031871276,0.0002759053,0.00016241494,-0.0022097593,-0.00022174635,0.00012209834,-0.0036225407,-0.00047069642,0.007848104,-1.03334805e-05,-3.4343284e-05,0.011325811,-0.0005026443,0.00046405965,-0.0012720407,0.0008124032,0.025912955,-0.0050436505,0.0002452216
BU*CH,-0.4367426781557687,0.12080226,0.00029993996125112627,9.381223e-06,-0.00019271475,-0.00077907107,-3.9385355e-05,-0.00013022868,2.2734266e-05,-0.00016575707,-0.0008675462,-1.9760906e-05,0.00018654525,0.40331492,0.00045582314,-0.00012011286,0.0004944859,-0.0006075311,-0.0014672788,-0.031012997,0.00023279073,0.00020585534,5.4017797e-05,3.2678592e-05,-0.00033527476,0.0033856842,9.1647025e-06,0.37637043,0.00012616128,-3.312768e-06,0.001947984,0.0024185115,-0.0038802794,0.014593187,-0.0012718954,-0.0010138862,1.4705842e-05,-3.8870665e-05,7.5868076e-05,0.000302454,-0.0010096097,0.0025283184,-0.00020924644,0.0008928327,-0.00013593241,0.0007648645,0.005930702,-2.9973498e-05,-0.0032604877,0.00735752,-0.0008625892,-0.00045987256,-9.9808654e-05,1.5291582e-05,-0.0002697301,4.205076e-05,-0.0006274917,0.0012839834,-4.15601e-05,3.4359517e-05,0.00014757091,0.00067405705,0.0063228253,0.0006448108,0.0004656207,0.0005359701,0.000105977204,-0.04415513,0.00075851433,0.0002145762,-0.0014066127,0.0010377973,-0.0036612866,0.0113138035,0.0004207494
BU*BV,-0.6134833711337078,0.07555927,4.691377762402764e-16,1.1066821e-06,8.039171e-05,-0.0010620385,1.9958898e-05,-0.00032895184,4.168486e-06,-4.7704547e-05,0.0004203044,-2.4000292e-06,4.2150183e-05,0.13882214,4.8023412e-05,-7.1127855e-05,1.8161707e-05,-3.8010767e-05,7.877553e-06,-0.0046943715,-0.00010316007,0.00023683811,-0.00020023542,4.0035622e-05,-2.1393462e-05,-0.00081714906,0.00014304649,-0.012130317,0.0011806516,0.0014735647,-0.007919783,0.0010282026,0.0010635871,-0.0012718954,0.0057092034,-7.649666e-05,-4.6060122e-05,-0.00021922347,-3.9522714e-05,-0.00016118101,0.00029401184,-0.00019316326,0.00015178356,0.00020492896,0.00022987614,-0.0002880282,-0.0012440982,0.00049968524,0.002269829,-0.0011054948,0.0024770098,0.0002578431,1.1259302e-05,-4.4374494e-05,-0.00011784363,3.3312142e-05,-0.00012756661,-2.546021e-06,7.563577e-05,-0.0007725066,-2.0788866e-05,-0.00028539807,0.001604251,-0.00017416241,0.00054615695,8.378578e-05,0.00012349873,0.009706111,-0.0006820087,0.0028227156,0.0007053653,0.00078128686,-0.0014737801,-0.0002732627,-0.00030563722
CS*CA,0.0664909048873235,0.3048905,0.8273658046012459,-3.0006808e-07,-0.00010589175,4.0641714e-07,-8.410318e-05,4.4702352e-05,9.6200665e-06,8.674638e-05,3.8451184e-05,2.9889013e-06,-6.0642946e-05,0.072134726,0.0011463278,-6.500164e-05,0.0006053607,-6.7116904e-05,0.00016270438,0.03174443,2.8724824e-05,0.00044715978,7.8986486e-05,-1.4608785e-05,-0.00043819495,-0.0006388376,3.133886e-05,0.07853573,-0.00019505159,5.6861878e-05,0.0017062954,-5.4591485e-05,7.234383e-05,-0.0010138862,-7.649666e-05,0.092958234,-0.00048085838,0.0024213777,0.00016175046,-0.00045004714,-0.008270257,-0.005667573,0.00047657065,0.0074182297,-0.00036620232,-0.00040797007,0.0048353267,5.5959677e-05,0.001103064,-0.001805846,0.00011976014,0.0052233697,-0.00019400853,-3.538362e-05,9.471985e-05,3.891851e-05,1.633905e-05,0.00027411937,-9.623365e-05,0.02837343,-0.00029375518,-0.0002807076,-0.0024352302,-0.00034206518,-0.00044765117,-0.00016969419,-0.00045983936,0.008119631,-0.00010191157,3.7069185e-07,-0.00015857117,1.1125669e-05,-0.00023332896,-0.00058399537,-2.9825267e-05
CS*BT,-0.11765945060161023,0.017616358,2.4059700097149032e-11,-4.458583e-07,8.5662876e-05,-3.4228736e-07,-0.00012457273,-3.7471088e-06,-6.211126e-06,-6.919208e-06,-1.1342025e-06,1.0436825e-06,1.6205735e-05,-0.010980424,0.00014005804,-4.2268557e-06,-4.7489457e-06,-2.811401e-05,2.2135015e-05,0.004822692,-7.937384e-05,-5.791291e-05,0.00019516815,-2.9593974e-05,-3.753626e-06,-4.9821672e-05,-8.468885e-06,-0.014997744,0.00013514938,-5.8301985e-06,-0.0003402008,-1.7323156e-05,-0.00023419107,1.4705842e-05,-4.6060122e-05,-0.00048085838,0.00031033604,-2.8163936e-06,0.00024857267,0.00021370422,0.00062881294,0.000567296,-2.023186e-05,9.8003235e-05,0.00023337863,-5.87064e-05,-0.0007210887,-3.1113002e-05,-0.00024769874,9.3610746e-05,-2.2359087e-05,7.684239e-05,7.8783145e-05,-1.9453495e-05,-8.7400595e-06,7.224952e-06,-7.747728e-05,7.038092e-05,-2.837506e-05,-6.289745e-05,0.00013828487,-3.0324578e-05,-0.00053604995,-8.692297e-06,-3.338879e-05,9.149911e-06,-2.823202e-05,-0.0008410921,0.00012922949,-6.237652e-05,-1.8601339e-05,-4.3841457e-05,-0.00014900653,-2.4309134e-05,6.95754e-07
CS*BU,-0.09783446772145242,0.040638868,0.01606606633325882,-7.9844745e-07,-3.23932e-05,5.432782e-05,-0.00011504495,3.8538645e-05,2.348056e-05,-3.367966e-05,3.8787894e-06,1.6004439e-06,-1.994296e-06,0.109615296,-5.968063e-05,-1.2746002e-05,-0.00012448501,1.2986535e-06,-5.523845e-06,-0.002511543,1.3105732e-05,0.00029357825,2.7054191e-05,-3.969579e-06,-0.0001555388,-4.5951514e-05,-1.9679306e-05,0.03457877,-0.00013251169,9.844861e-06,0.0027576745,0.0001000973,0.0002009153,-3.8870665e-05,-0.00021922347,0.0024213777,-2.8163936e-06,0.0016515177,0.00022908376,7.2323564e-05,-0.0030358117,-0.00036525333,0.0001675287,-0.00024275646,-0.00014497634,0.0009847953,0.0003964315,-0.00022305608,-0.0012844668,-0.00017803398,-4.30346e-05,-0.00087489653,-0.00010562523,0.00013114203,5.484155e-05,-9.869577e-05,0.00013706503,-0.00015954465,-7.7428216e-05,-0.00089953456,-3.6773847e-05,0.000720421,0.00047385183,-4.249848e-06,-0.0015927376,6.587191e-05,-2.7834942e-05,0.0006765212,-7.690389e-05,0.0004642769,0.00012623087,-7.306704e-05,3.0086101e-05,-0.0003029862,-9.034428e-06
CS*CS,-0.26701672395748904,0.024467254,9.965359466567203e-28,-1.5898841e-07,6.781343e-06,-1.1082909e-05,-0.00023429397,-3.157731e-05,-4.702101e-06,-1.9268837e-05,-9.8534965e-06,3.3563776e-07,2.593708e-06,-0.009723933,-2.0525846e-05,-8.4585366e-07,2.8447844e-06,1.9214016e-05,-9.614775e-06,-0.0008446212,-1.0358704e-05,-2.9563585e-05,-2.7553388e-05,4.075686e-06,2.8616549e-05,9.784226e-05,-9.645304e-06,-0.0058963653,1.6823671e-05,4.5624342e-06,-0.0005827198,3.0527164e-05,7.905976e-05,7.5868076e-05,-3.9522714e-05,0.00016175046,0.00024857267,0.00022908376,0.0005986465,0.00044418403,0.0010670467,0.0007501336,7.7699806e-05,4.0522455e-06,5.9372578e-05,3.591734e-05,-0.0008922396,3.3646815e-05,0.00015678914,7.8021774e-05,-1.5514977e-05,1.5044326e-05,1.6700333e-05,-1.4903254e-06,-2.1453456e-05,1.342576e-05,2.339474e-06,5.826152e-05,-2.3069437e-05,-0.0002427209,3.9595463e-05,2.421934e-05,-0.0009995387,2.4390678e-05,0.00011389549,3.1863183e-05,-8.969839e-06,-0.00073394954,9.140942e-06,-1.4191006e-05,6.8710942e-06,-2.586979e-05,-3.7808088e-05,2.6521175e-05,4.2956262e-06
CS*CD,-0.3321133790324743,0.04866339,8.810484942388656e-12,7.093104e-07,1.352351e-05,3.0176698e-05,-0.00021863134,0.00040082855,1.8292538e-06,-1.3375482e-05,6.135716e-05,-1.5628247e-06,1.530228e-05,-0.02235984,2.2913926e-05,0.00019603013,4.381943e-05,4.937351e-05,-4.837425e-05,-0.00026005585,-3.4962352e-06,-0.0001362032,-7.021839e-05,3.874776e-05,-2.4024936e-07,0.00023859224,-2.1554388e-05,-0.011810411,-4.8435053e-05,-6.9276946e-05,0.00011894606,0.0005124382,-0.00028765525,0.000302454,-0.00016118101,-0.00045004714,0.00021370422,7.2323564e-05,0.00044418403,0.0023681254,0.0008943405,0.0010701497,8.452291e-05,-0.00076141575,-0.00045121674,-0.0006658288,0.014013214,1.7120143e-05,-0.0007804542,0.00030067062,-0.00081610185,0.00029865105,-3.1812456e-07,-2.6359015e-05,5.63866e-05,0.0002698096,-0.0001912102,0.00018850858,-3.840942e-05,-0.0013357794,-2.4246821e-05,-0.00013090008,0.0018633516,0.0009070136,0.0005373997,-4.307369e-05,-2.4764557e-05,-0.0013452759,-4.3256838e-05,-0.00026517283,9.8771045e-05,0.00024473423,-6.972098e-05,0.00021885248,-6.375319e-05
