Param name,Param value,Param stdv,Param p-value,CA,BT,BU,CS,CD,DP,CH,BV,CA*CA,CA*BT,CA*BU,CA*CS,CA*CD,CA*DP,CA*CH,CA*BV,BT*CA,BT*BT,BT*BU,BT*CS,BT*CD,BT*DP,BT*CH,BT*BV,BU*CA,BU*BT,BU*BU,BU*CS,BU*CD,BU*DP,BU*CH,BU*BV,CS*CA,CS*BT,CS*BU,CS*CS,CS*CD,CS*DP,CS*CH,CS*BV,CD*CA,CD*BT,CD*BU,CD*CS,CD*CD,CD*DP,CD*CH,CD*BV,DP*CA,DP*BT,DP*BU,DP*CS,DP*CD,DP*DP,DP*CH,DP*BV,CH*CA,CH*BT,CH*BU,CH*CS,CH*CD,CH*DP,CH*CH,CH*BV,BV*CA,BV*BT,BV*BU,BV*CS,BV*CD,BV*DP,BV*CH,BV*BV
CA,0.2569613139603393,0.010109219,1.5743735630806519e-142,0.0001021963,-3.2952266e-06,-2.405714e-06,6.4958634e-08,7.110357e-06,1.1554026e-06,4.6889977e-06,-5.2531664e-07,-0.00022714087,-9.633783e-05,-0.000102093676,-0.00034234417,-0.00019865493,-0.00031484885,-0.00029816423,-5.4865275e-05,-0.00042301085,1.724658e-06,-5.1306274e-06,1.144327e-05,2.262013e-06,1.1061263e-05,2.0431218e-05,-5.3679314e-06,-0.00017100947,1.3466331e-06,1.0354648e-06,-5.927552e-06,1.7330273e-06,2.0681016e-05,5.587474e-06,-3.4766984e-07,9.895635e-06,-6.093778e-07,4.082253e-07,-1.1110828e-07,-3.7441689e-07,1.1332901e-05,-4.8856873e-06,2.74139e-06,3.5874033e-05,-8.873355e-06,-1.2892588e-05,6.609874e-06,-1.1414384e-05,3.0695064e-05,-5.7042183e-05,-6.764065e-06,-0.00019511013,-6.751278e-07,1.9182558e-07,-6.655361e-06,3.5745088e-06,-1.5404163e-05,5.8789277e-07,2.3780617e-06,0.00021970356,-6.735253e-06,-1.2789689e-05,5.0420676e-05,-1.3032396e-05,1.8031467e-05,-8.1452945e-06,-7.2320277e-06,-0.00021645435,-4.6465533e-07,-1.4662495e-05,6.453662e-06,2.751316e-06,5.244807e-05,8.141891e-06,-2.1548624e-06
BT,0.7717114579264273,0.038386166,6.822285088883431e-90,-3.2952266e-06,0.0014734977,0.00017536609,-2.0362888e-06,6.625632e-05,-3.4173072e-06,4.3026903e-05,0.00018835331,7.355262e-06,0.00010217412,8.1570804e-05,2.3896995e-05,1.1203435e-05,-5.9461137e-05,7.449162e-05,8.463581e-06,-8.188062e-05,-0.0017064393,-0.0018605192,0.0004579123,-0.00032234302,0.00022438829,-0.000799339,-0.0004884396,-0.0013746521,0.00016908681,-0.00013894573,-0.00074539933,-0.00027893815,-0.0004667281,-0.00029004927,-2.3748808e-05,-0.00017178689,9.9893194e-05,-2.673624e-05,3.4741956e-06,1.6389266e-05,2.9999379e-05,7.759721e-05,-1.6198359e-05,-0.0001055309,0.0002964834,-5.1766332e-05,-0.00084975443,-7.765124e-05,-0.0003298243,0.0002475061,3.8877653e-05,-9.489748e-05,9.9313176e-05,-3.0862338e-06,-2.5090629e-05,2.6684293e-05,-5.6574696e-05,3.529828e-05,-8.591184e-06,-0.00011747409,6.9454814e-05,-3.484359e-05,-0.0004155077,-3.742742e-05,-0.00017462313,-6.9531874e-05,-2.3704162e-05,-0.0020135194,0.0005292971,-9.637843e-07,-0.0008896876,-0.00026114236,-0.00029552652,-0.0002525429,-0.00011635976
BU,0.7266879756531779,0.02692121,1.779097741064926e-160,-2.405714e-06,0.00017536609,0.00072475156,6.982822e-06,0.00044080178,1.6532993e-05,4.2969197e-05,0.00045569337,5.3003428e-06,2.6734371e-05,0.00014493683,-5.3003012e-05,7.461129e-05,-2.1346435e-05,4.571929e-05,3.8852162e-05,0.0001467611,-0.00022699819,1.823849e-05,3.462538e-05,-6.173269e-05,-4.1365372e-05,-0.00035924095,-4.3924425e-05,-0.0015987633,-0.00068266474,-0.00088631193,-9.56818e-05,-0.0010269667,-0.0004900195,-0.0006167525,-0.00094104756,-4.723443e-05,-1.4849116e-06,4.0725303e-05,-1.4323555e-05,2.7717717e-05,-2.6253712e-05,-3.8857048e-05,-1.2930706e-05,-0.00016458245,-0.00031525915,-0.00016917291,-0.0014495107,-0.0007423153,-0.0011370543,-0.0008776037,-0.0004794377,3.9689425e-05,-1.3444387e-05,1.5552889e-05,5.6685138e-05,-2.0499815e-06,-0.00011083933,-7.528447e-05,-2.5681993e-06,-0.00011700505,-2.4515472e-05,4.9977094e-05,-0.00048431568,8.0481295e-05,-0.0001987955,-7.589671e-05,-3.17185e-05,-0.0010478824,-0.00032628578,-0.0002872126,-0.00023142585,-0.00089587155,-0.0007427612,-0.00069765135,-0.00037988313
CS,0.2673717597547721,0.010644492,3.137223763781567e-139,6.4958634e-08,-2.0362888e-06,6.982822e-06,0.00011330521,1.5795044e-05,2.1555527e-06,9.310256e-06,5.8622495e-06,-1.472059e-07,-4.66157e-07,1.164171e-06,-1.5680553e-05,6.554753e-07,-6.729496e-06,-1.1487575e-05,8.345612e-06,2.1471858e-05,4.6176997e-06,1.05180625e-05,1.8018007e-05,-3.8612884e-06,-2.1377766e-05,-4.22796e-05,7.5950566e-06,0.00012132254,-1.0490031e-05,-4.0396444e-06,0.0002998049,-1.599078e-05,-4.4623885e-05,-3.6647252e-05,2.1135233e-05,-0.00023444471,-0.00012408459,-9.605209e-05,-0.00023250206,-0.00021959622,-0.00051135285,-0.00036300067,-4.0506755e-05,-8.136039e-06,-3.351451e-05,-1.200997e-05,0.00050593005,-1.7355778e-05,-7.805568e-05,-5.397087e-05,9.968747e-06,1.5156822e-05,-7.603044e-06,1.5078318e-06,5.4732045e-06,-4.9512632e-06,-7.5966504e-06,-3.0635583e-05,1.3469556e-05,8.427002e-05,-2.1647113e-05,-1.1121617e-05,0.00052207365,-1.322277e-05,-5.7421483e-05,-1.438052e-05,3.3777117e-06,6.223403e-05,-4.8941797e-06,5.625327e-06,-7.498185e-06,1.6817881e-05,9.65901e-06,-9.478057e-06,-3.3076146e-06
CD,0.8586029974130679,0.05901445,5.923730199186375e-48,7.110357e-06,6.625632e-05,0.00044080178,1.5795044e-05,0.0034827054,4.6845966e-05,8.608945e-05,0.0007022656,-1.6170672e-05,2.7123557e-05,-1.1188602e-06,4.7940797e-05,0.000371397,0.00012335752,-2.5661611e-05,2.0008187e-05,0.0007616115,-0.00010105313,7.630576e-05,2.5652012e-05,-0.0001222244,-4.175154e-05,-6.606675e-05,3.0841263e-06,0.0011928175,-0.00037983264,-0.00059329346,-0.00100004,0.00035645545,-0.0009749485,-0.00016798766,-0.0002483339,-2.5590241e-05,-1.3130622e-05,4.9141563e-05,-3.3225777e-05,0.00038637736,-0.00011499396,3.714307e-05,-9.982218e-06,-0.0020597246,-0.0027267889,-0.0024027661,-0.009041939,-0.005889651,-0.009301263,-0.013376573,-0.0029406734,0.00010476582,-4.0005463e-05,2.2333659e-06,2.2606912e-06,3.2082524e-05,-0.00028788508,-1.7431306e-05,1.7432933e-05,-0.00043175436,-1.5382615e-05,-2.9236942e-06,-0.00052599015,0.000824642,4.5061206e-05,-0.0001888014,-1.5714893e-05,-0.0001934059,-0.00055973406,-0.0005867637,-0.000191765,0.00048535835,-0.0011869809,-0.00042608983,-0.0007416244
DP,0.28985352579802054,0.015274128,2.6544870146048313e-80,1.1554026e-06,-3.4173072e-06,1.6532993e-05,2.1555527e-06,4.6845966e-05,0.00023329898,1.222945e-05,3.4566583e-05,-2.489129e-06,1.9450584e-07,5.864854e-06,1.5174392e-05,-2.8784118e-06,2.647941e-05,1.5949916e-05,-8.176335e-06,1.6203319e-06,4.21585e-06,1.3178706e-05,1.38043215e-05,1.5355878e-06,-2.5068792e-05,1.4559675e-05,-1.9451395e-06,-4.815538e-06,-5.445467e-06,-1.7656336e-06,-7.117632e-05,1.0934575e-05,-4.4421868e-06,1.963539e-05,9.98929e-06,3.1424624e-05,-6.0080624e-06,2.3471986e-05,-4.2960137e-06,2.0943532e-06,0.0003704668,6.1660667e-06,6.3611883e-06,3.8806616e-06,-3.6174744e-05,4.205082e-05,-4.5829544e-05,-7.549433e-05,0.00056196086,-7.9576224e-05,-2.0828595e-05,0.00020239415,-0.00019816363,-6.0524504e-05,-0.00017230604,-0.00033001084,-0.0013178091,-0.00042437014,-0.00010639369,-5.8187405e-05,-1.3765754e-05,2.3799455e-05,5.318691e-05,-1.0934552e-05,0.00027645787,-2.0827034e-05,8.995272e-07,-6.161438e-05,-2.3322078e-05,0.00010809594,-2.3885521e-05,-6.335294e-05,0.0008122476,-8.805986e-05,-1.3715546e-05
CH,0.46891788448506694,0.012981015,9.75012053125934e-286,4.6889977e-06,4.3026903e-05,4.2969197e-05,9.310256e-06,8.608945e-05,1.222945e-05,0.00016850677,1.5761638e-05,-1.0243941e-05,-6.048398e-06,-4.659285e-05,0.000113787515,-7.4604377e-06,0.000100545905,-2.4749648e-05,-2.8905632e-05,0.00019073428,-5.179138e-05,5.76059e-06,-6.018022e-06,-1.2902418e-05,-7.819902e-06,-3.4555957e-05,-9.712172e-06,0.00012018907,-2.8889039e-05,-4.0840656e-05,-0.00020729528,-7.460326e-05,-7.337356e-05,-0.00013914847,-3.9291313e-05,4.2457934e-05,-6.9655384e-06,-3.521577e-05,-1.8941968e-05,-1.4876392e-05,7.8946185e-05,-0.00012604165,-1.3486016e-05,-0.00025869353,-6.2956715e-05,-0.00015492683,-0.00060529826,-0.00010899827,-2.718056e-05,5.7856847e-05,-6.601814e-05,0.00010034238,-8.359736e-06,-1.1542803e-05,1.7535128e-06,-9.605233e-06,-6.890198e-05,-5.353376e-05,-3.4378293e-06,-0.0009103869,-0.0001332846,-0.00021950659,-0.0013008103,-0.00033905543,-0.0002018058,-0.00026206928,-0.00014217927,-2.6090616e-05,1.36929075e-05,9.737449e-06,-3.1073836e-05,-1.5778805e-05,-9.520492e-05,-4.1322266e-05,-2.421218e-06
BV,0.8903571771002721,0.040413085,1.4402590275008387e-107,-5.2531664e-07,0.00018835331,0.00045569337,5.8622495e-06,0.0007022656,3.4566583e-05,1.5761638e-05,0.0016332174,1.0974499e-06,3.662271e-05,0.0001100935,-2.4429255e-05,9.461797e-05,4.286477e-06,2.764653e-05,0.00010509386,0.00037698925,-0.00023371185,-4.5531546e-05,-6.8160785e-05,-5.331297e-05,6.533114e-05,-0.00056460453,-3.3064384e-06,-0.0010483505,-0.0002995575,-0.0004880642,-0.0018971828,-0.0007203936,-0.00045358733,-0.001142862,0.00046271423,-5.7235255e-05,1.759829e-07,-1.0856434e-05,-1.21819785e-05,6.230716e-05,3.6431564e-05,-6.729299e-05,4.445054e-06,-0.00048538667,-0.00047949931,-0.00063621195,-0.0013711953,-0.0012603046,-0.0013023963,-0.0015298012,0.00016011471,0.00014239544,-1.4504748e-05,-3.3105014e-05,-3.8575065e-05,1.5258098e-05,-0.00028284846,-0.00010942743,3.362748e-05,-7.801112e-05,-6.352122e-06,-2.5746791e-05,1.35404725e-05,0.00022899997,-3.781055e-05,-3.0684256e-05,-5.172941e-05,0.0011952664,-0.0016475089,-0.0018093874,0.00021822874,-0.0016912178,-0.0029031092,-0.0015839813,-0.0016790702
CA*CA,-0.2863635997363954,0.024663717,3.635254741924101e-31,-0.00022714087,7.355262e-06,5.3003428e-06,-1.472059e-07,-1.6170672e-05,-2.489129e-06,-1.0243941e-05,1.0974499e-06,0.0006082989,0.00021312854,0.00023036238,0.0007279975,0.00043748892,0.00067072304,0.0006426947,0.00012685725,0.0009372509,-3.8909848e-06,1.06007e-05,-2.6093394e-05,-4.8828997e-06,-2.4026423e-05,-4.1883028e-05,1.1733813e-05,0.0003826851,-2.9219518e-06,-2.2765169e-06,1.1795232e-05,-4.0137693e-06,-4.5041495e-05,-1.1616077e-05,3.452602e-07,-1.9885269e-05,1.3487476e-06,-7.7324137e-07,2.5469632e-07,7.0726406e-07,-2.4828969e-05,1.045514e-05,-6.010544e-06,-7.611897e-05,1.984912e-05,2.9069632e-05,-1.6616697e-05,2.6171108e-05,-6.722442e-05,0.00012446573,1.5465157e-05,0.00043943577,1.4055107e-06,-5.929373e-07,1.45795475e-05,-7.72575e-06,3.2987828e-05,-7.2741096e-07,-5.4738184e-06,-0.00048840605,1.4541033e-05,2.8156282e-05,-0.00011002345,2.8115017e-05,-4.074584e-05,1.7830283e-05,1.575321e-05,0.00048201537,1.2422452e-06,3.1428222e-05,-1.4834033e-05,-6.1470255e-06,-0.00011309176,-1.7248714e-05,4.7625617e-06
CA*BT,-0.14659480864040553,0.024347289,1.7335224440411054e-09,-9.633783e-05,0.00010217412,2.6734371e-05,-4.66157e-07,2.7123557e-05,1.9450584e-07,-6.048398e-06,3.662271e-05,0.00021312854,0.0005927905,5.9076927e-05,-0.0013720749,0.0001613378,0.0006403515,0.0002702132,-5.9010283e-05,-0.008493165,-9.1220114e-05,-9.929654e-05,-4.7006347e-07,-3.1102845e-05,-0.00022905442,0.00012635652,5.3433698e-05,-0.00075004663,-2.5958072e-05,-2.5685793e-05,7.3979405e-05,-6.309666e-06,-1.3444182e-05,-1.9282397e-05,1.3331374e-06,-2.7113827e-05,1.4747412e-05,-1.5629623e-05,6.7106225e-07,3.7628452e-06,-8.96157e-05,4.201268e-05,-1.731692e-06,-0.0002256961,4.6561418e-05,4.6819756e-07,-0.00025088392,-5.3749845e-05,-0.00034975616,6.652754e-05,-1.14173645e-05,0.00026455877,-9.67361e-06,-3.8512167e-06,4.308512e-05,-1.259436e-05,-1.036457e-05,8.836244e-06,2.5370039e-06,-0.00014239589,7.813244e-05,1.23406435e-05,-1.5713083e-05,3.052615e-05,-0.00015848399,6.1804412e-06,-6.940659e-06,-0.00011908071,-6.50111e-06,-2.6988031e-05,-0.00012628519,-3.2812357e-05,1.7971814e-05,2.7190372e-05,-2.7223296e-05
CA*BU,-0.2056389705855841,0.04786534,1.7375242635821576e-05,-0.000102093676,8.1570804e-05,0.00014493683,1.164171e-06,-1.1188602e-06,5.864854e-06,-4.659285e-05,0.0001100935,0.00023036238,5.9076927e-05,0.0022910908,-0.0021748315,8.633819e-05,-0.0013399052,0.0011308033,-3.1750576e-05,-0.001480118,-6.017418e-05,-0.00028571906,5.376606e-05,3.3479616e-06,8.516889e-05,-0.0003217716,-7.413749e-06,-0.00476587,-8.0646074e-05,-0.00013436211,0.000568144,-0.00019592993,-0.00055034395,-0.00033985492,-7.008952e-05,-7.9594494e-05,-2.0294163e-05,0.00020355477,-2.0735292e-06,-7.3126765e-05,1.9813415e-05,-1.5402904e-05,-5.6792593e-05,-6.1605875e-05,7.258235e-05,0.0005225949,-0.0014471082,-9.9409466e-05,-0.000830293,0.0008298655,2.0149262e-05,-4.3218573e-05,2.089123e-05,-4.3831107e-05,3.862826e-05,6.3841585e-06,-0.00022421168,-5.0451075e-05,-6.260916e-06,0.0007212415,5.4294323e-05,0.00054491556,-0.0021022642,0.00013195223,-0.00043939307,7.825486e-05,8.966829e-05,-0.0018445626,-5.9196947e-05,-9.130535e-05,4.4223907e-05,-0.00021531551,-0.0007288554,-8.431385e-05,-8.2897815e-05
CA*CS,-0.03187452326551498,0.24349211,0.8958498472008024,-0.00034234417,2.3896995e-05,-5.3003012e-05,-1.5680553e-05,4.7940797e-05,1.5174392e-05,0.000113787515,-2.4429255e-05,0.0007279975,-0.0013720749,-0.0021748315,0.059288405,0.00022940713,-0.009000831,-0.00283259,-0.0013226314,0.0056667933,9.255856e-05,0.00010540237,-0.0032861417,-8.0193546e-05,0.0021842993,0.00063801656,-7.069962e-05,0.0049270284,0.00015555075,0.00013712837,-0.0034583183,-0.00010668797,0.0010001395,0.0006204963,0.00031824055,0.0013755815,8.40767e-05,0.00012144889,3.4292716e-05,0.0001255321,-0.00025326124,-7.526272e-05,0.00014885409,0.00028824754,-0.0001643468,-0.000790047,0.006990549,5.536639e-05,0.0007349001,-0.001775543,-0.00025390703,6.283113e-06,3.7859052e-05,6.590572e-05,-0.00088416814,7.166123e-05,-0.00011676374,0.00025170686,0.00019912166,-0.0015180886,-0.00023974333,-0.0008792167,0.0112903165,-0.0003265403,-0.0010653278,-0.00031426558,-0.0005006795,0.00089156866,8.792898e-05,0.0006098058,-0.00086884433,2.4473837e-05,0.0013781795,0.0003324868,7.989857e-06
CA*CD,-0.30137670369577985,0.0463714,8.075174273449525e-11,-0.00019865493,1.1203435e-05,7.461129e-05,6.554753e-07,0.000371397,-2.8784118e-06,-7.4604377e-06,9.461797e-05,0.00043748892,0.0001613378,8.633819e-05,0.00022940713,0.0021503067,0.0003190105,0.0007642677,0.000109405686,0.0009066212,-4.2354626e-05,0.00012180121,5.3899377e-05,-5.0715025e-05,-1.0062466e-05,-8.435732e-05,1.8111588e-05,-0.0003289459,-6.179899e-05,-0.00011607654,-0.00011204664,1.8574374e-05,-0.00020542879,2.8765888e-05,-0.00010559209,-0.00010178028,5.804978e-07,-2.4629779e-05,-1.5898569e-06,0.00018641836,-0.00012115875,7.3318966e-05,-1.50615415e-05,0.002802228,-0.00035215984,-0.00042935455,-0.00032784557,-0.00030284913,-0.0011151477,-0.00024262321,-0.00042500315,-1.0846451e-05,-3.8645382e-07,-1.0784617e-05,1.66555e-05,-6.2635154e-05,0.00011872087,4.918227e-05,-1.1973038e-05,-0.00036339153,8.814546e-06,3.803013e-05,-0.00011998656,0.00047234586,-0.00011035102,-1.2714321e-06,2.195563e-05,-0.000857119,-7.46946e-05,-0.00023158175,1.0992754e-05,6.9307396e-05,-0.00020516275,2.4150182e-05,-8.80422e-05
CA*DP,-0.17515020969514666,0.13009207,0.17818780472607387,-0.00031484885,-5.9461137e-05,-2.1346435e-05,-6.729496e-06,0.00012335752,2.647941e-05,0.000100545905,4.286477e-06,0.00067072304,0.0006403515,-0.0013399052,-0.009000831,0.0003190105,0.016923945,-0.004355593,0.0006132767,0.0039782515,-4.836885e-05,0.00010199186,0.0009130457,5.6124198e-05,-0.0015781667,0.00143569,0.00010745813,0.0040573953,-7.173346e-05,6.0050712e-05,-0.00018245993,4.5052955e-05,-0.00056026666,0.0005482299,3.998583e-05,0.0006705905,-2.290566e-05,-0.00021013708,1.3558119e-05,5.0531566e-05,0.0008391215,-7.7357145e-05,5.747047e-05,0.000107704414,-0.00029466735,-0.0005135473,-9.416396e-05,-8.73847e-05,0.0022323777,-0.0022396913,-8.4127125e-05,0.0006768694,-8.8872206e-05,2.1392521e-05,-6.2728664e-05,-5.7457262e-05,1.2151099e-05,0.0004403019,1.4924548e-05,-0.0023959456,-0.00020488405,-0.0004884048,-0.0008564749,-0.000306049,0.0026071453,-0.00018734981,-0.00019808907,0.0055474965,-2.4572979e-05,-5.1937313e-05,-9.716401e-06,8.89672e-05,-9.9029494e-05,0.0007486118,-2.0109408e-05
CA*CH,-0.2853097319521187,0.09180857,0.0018857554641276077,-0.00029816423,7.449162e-05,4.571929e-05,-1.1487575e-05,-2.5661611e-05,1.5949916e-05,-2.4749648e-05,2.764653e-05,0.0006426947,0.0002702132,0.0011308033,-0.00283259,0.0007642677,-0.004355593,0.008428814,-0.0006439146,0.0001846722,-1.976643e-06,-4.805981e-06,0.0002132699,-7.622022e-05,0.0005289054,-0.0019439111,-1.6601642e-05,-0.0031435594,-2.3817982e-05,-7.064946e-05,0.0013226932,-2.7665797e-05,0.00022033569,-0.0005764663,1.3550745e-05,-0.0003750365,2.35895e-05,-3.5429824e-05,2.185069e-05,8.817215e-05,0.00012848651,0.0006123029,-5.7944955e-05,0.0006293682,4.5456673e-05,0.00018410469,0.0012422947,-1.7531606e-06,-0.00018062425,0.00033102918,-6.8578614e-05,-0.0002715673,1.9022165e-05,-1.6652753e-05,0.0005857456,3.2226406e-05,-0.00014882223,-0.00020664965,1.7506669e-05,0.0075694653,-3.540879e-06,3.909192e-05,0.0014133184,-4.3152842e-05,0.00033581353,0.00014310697,-4.5920155e-05,-0.0040737707,-7.15223e-06,0.00021645981,0.00014900269,-8.991896e-05,0.00043754943,-0.0006482151,1.1497683e-05
CA*BV,-0.14217940608165916,0.038649365,0.00023442615502474557,-5.4865275e-05,8.463581e-06,3.8852162e-05,8.345612e-06,2.0008187e-05,-8.176335e-06,-2.8905632e-05,0.00010509386,0.00012685725,-5.9010283e-05,-3.1750576e-05,-0.0013226314,0.000109405686,0.0006132767,-0.0006439146,0.0014937734,-0.0001722567,-3.669812e-05,6.996944e-05,-5.5907636e-05,2.880066e-05,-0.00017353371,8.257869e-05,-3.5017518e-05,-6.3972744e-05,-8.164274e-06,-3.000344e-05,-0.00062516605,-6.55723e-05,2.0354199e-05,-0.00021648429,-2.7020476e-05,-0.00013601278,-8.701615e-06,-3.1061616e-05,-1.6393386e-05,-1.00025745e-05,0.00021747866,-0.00017372184,-8.085976e-06,-0.00014235583,-1.12099915e-05,-6.6037144e-05,-0.000431239,-5.564473e-05,0.00031603666,-2.9972136e-05,0.00023135493,0.00021548671,1.2995799e-05,1.1049602e-06,-1.3876318e-06,3.8865037e-05,8.116369e-05,-7.771506e-05,-0.00013583922,-0.0006971781,2.2407039e-05,-1.7574645e-05,-0.0010490197,7.728133e-05,0.000116982184,8.250923e-05,0.00020785847,-0.0016794447,-4.463343e-05,-6.733791e-05,-0.00012727134,-0.00014142095,-0.00052890135,-0.0005748289,-7.687911e-05
BT*CA,2.309754449316781,1.0728296,0.03132217216588719,-0.00042301085,-8.188062e-05,0.0001467611,2.1471858e-05,0.0007616115,1.6203319e-06,0.00019073428,0.00037698925,0.0009372509,-0.008493165,-0.001480118,0.0056667933,0.0009066212,0.0039782515,0.0001846722,-0.0001722567,1.1509633,-0.013939794,0.031968236,-0.027645312,0.0059558023,-0.004654043,-0.057968795,-0.0026919919,0.17693931,0.002826178,-0.00025039626,-0.0034560908,-0.00368263,-0.02145791,-0.007637221,-0.0010451277,0.030201128,0.0007031173,0.00015072852,-3.967351e-05,-0.00066825736,-0.005838257,0.00041243917,-0.00025958,0.025653938,0.0020275512,-0.00013797068,0.0038790926,-0.0024067094,-0.01948398,0.0056325058,0.0002018102,0.015396988,0.001204212,-0.00014647578,-0.0014225008,-0.0017267775,0.00061860716,-0.0018698351,0.00014149799,0.02678321,-0.0002231015,-0.0010467798,0.009054487,-0.00018121165,-0.007598803,-0.0004871982,-0.0006445379,0.16865112,0.003223005,-0.0038867411,0.0010733418,-0.0012090968,-0.018679516,-0.009266853,-0.00036917056
BT*BT,-0.9649699045470788,0.054315776,1.2978691563109026e-70,1.724658e-06,-0.0017064393,-0.00022699819,4.6176997e-06,-0.00010105313,4.21585e-06,-5.179138e-05,-0.00023371185,-3.8909848e-06,-9.1220114e-05,-6.017418e-05,9.255856e-05,-4.2354626e-05,-4.836885e-05,-1.976643e-06,-3.669812e-05,-0.013939794,0.0029502036,0.00016753924,-0.0016130048,-0.00024894535,-0.0013662402,0.0013017679,0.00018781454,-8.612416e-05,-0.000104809915,0.0001773226,0.00094351644,0.00038352187,0.0008783203,0.00022286431,8.237842e-05,-0.000103224425,-8.1371894e-05,-4.1622416e-06,-8.675955e-06,-3.0022638e-06,0.00012119371,-0.000123853,2.5849085e-05,-8.621434e-05,-0.00025635754,1.4177309e-06,0.0012127814,0.00016580719,0.00071188406,-0.0004866598,-4.0674902e-05,6.339136e-05,-9.9351964e-05,-3.0394292e-06,4.840097e-05,-1.1440593e-05,5.784631e-05,-4.8831233e-05,1.5982248e-05,-5.1496074e-05,-4.7838515e-05,1.286475e-05,0.00041931056,4.57792e-05,0.0003261603,8.065476e-05,3.168376e-05,0.0018367204,-0.00050781376,-7.455811e-05,0.0012330724,0.00035072488,0.0005898311,0.0002623056,0.00015267784
BT*BU,0.023017011207099734,0.1385431,0.8680498393653835,-5.1306274e-06,-0.0018605192,1.823849e-05,1.05180625e-05,7.630576e-05,1.3178706e-05,5.76059e-06,-4.5531546e-05,1.06007e-05,-9.929654e-05,-0.00028571906,0.00010540237,0.00012180121,0.00010199186,-4.805981e-06,6.996944e-05,0.031968236,0.00016753924,0.01919419,-0.0012152378,0.0008944579,-0.0012914863,-0.01466368,0.0007927088,0.0057130815,0.00019731719,6.744689e-05,0.0016850738,-0.0001529266,-0.00038033418,0.000114346774,-0.0003955995,9.606913e-05,-7.197034e-05,0.00038745726,-2.1638574e-05,-0.00012721734,-0.0008458749,-0.00028353295,-4.0818836e-06,-5.9327736e-05,-0.00029433245,0.00045611293,0.00037598854,-0.00036792376,-0.00078148115,0.00058172486,-8.850898e-05,-0.0004480205,-6.574059e-05,9.2963e-05,0.00012771018,-0.00013340407,0.00017601806,-0.000116727475,-5.0076073e-05,-0.0009804659,-0.00010542856,0.00025819367,0.0003675086,-5.5125118e-05,-0.00023595899,-1.4113612e-05,-6.9149064e-05,-0.0010382576,-0.0004309696,0.00053351966,0.00035559875,-0.00016467653,-9.479556e-05,-0.00016142041,-2.7646922e-05
BT*CS,-0.005731576935785277,0.20324485,0.9775023540388856,1.144327e-05,0.0004579123,3.462538e-05,1.8018007e-05,2.5652012e-05,1.38043215e-05,-6.018022e-06,-6.8160785e-05,-2.6093394e-05,-4.7006347e-07,5.376606e-05,-0.0032861417,5.3899377e-05,0.0009130457,0.0002132699,-5.5907636e-05,-0.027645312,-0.0016130048,-0.0012152378,0.04130847,0.0005882827,0.00014856795,0.0012644626,-0.00016034501,-0.0014531118,0.0001269721,-3.9661558e-05,0.0050021596,-7.8617006e-05,-0.0013922381,1.0373661e-05,-0.00034286326,-0.00039091014,0.0002467979,3.3653672e-05,-3.277095e-05,-4.4850367e-05,-0.0003017978,-0.00020714494,0.00011259377,7.169646e-05,0.0003023196,7.89469e-05,0.0021592237,-0.00014967803,-0.0013966673,9.8645985e-05,-0.00013858793,-7.9796504e-05,5.4673656e-05,3.587189e-06,0.0003452814,-0.000110438275,-0.00014959923,-0.0001581931,-2.178777e-05,-0.00045342525,0.00011118315,6.3166655e-05,0.0016771642,-3.9995248e-05,-0.00040132273,1.1752359e-05,-2.2313447e-05,0.0014956768,0.0005632655,-9.311817e-05,0.00239353,-0.00021078034,-0.0013662261,-9.952982e-05,8.3334126e-05
BT*CD,0.019929438969849316,0.06521468,0.7599111684076487,2.262013e-06,-0.00032234302,-6.173269e-05,-3.8612884e-06,-0.0001222244,1.5355878e-06,-1.2902418e-05,-5.331297e-05,-4.8828997e-06,-3.1102845e-05,3.3479616e-06,-8.0193546e-05,-5.0715025e-05,5.6124198e-05,-7.622022e-05,2.880066e-05,0.0059558023,-0.00024894535,0.0008944579,0.0005882827,0.004252954,0.0005441469,0.000739367,0.0002817167,-0.0005816788,2.0175758e-05,4.1330404e-05,-0.00015813201,0.00027986075,6.2718914e-06,0.00012354126,5.037937e-05,2.886227e-05,-3.0499887e-05,-3.1824131e-06,7.332728e-06,4.654754e-05,-9.3305156e-05,1.6792703e-05,-8.52515e-06,1.0515884e-05,9.267525e-05,0.00010390586,5.045167e-05,0.00033421096,0.00021546872,-5.0146322e-05,0.00010162687,-6.541239e-05,-3.460266e-06,-7.108641e-06,-7.769816e-05,3.3966517e-05,-6.6084336e-05,1.6784395e-05,-9.426752e-06,4.1564217e-05,-7.2427923e-07,1.0696203e-05,-0.000278895,2.9521185e-05,-5.383769e-05,2.3877023e-05,2.2290369e-05,-0.000124752,-8.2750645e-05,1.5268492e-05,-9.255485e-05,0.00030629017,-0.00018386036,0.00019446305,1.3111226e-05
BT*DP,-0.0732036838781959,0.16780438,0.6626595690036928,1.1061263e-05,0.00022438829,-4.1365372e-05,-2.1377766e-05,-4.175154e-05,-2.5068792e-05,-7.819902e-06,6.533114e-05,-2.4026423e-05,-0.00022905442,8.516889e-05,0.0021842993,-1.0062466e-05,-0.0015781667,0.0005289054,-0.00017353371,-0.004654043,-0.0013662402,-0.0012914863,0.00014856795,0.0005441469,0.028158309,0.00012742744,0.00025288088,-0.004989771,0.00012575067,6.7677024e-06,-0.002414554,-6.2316554e-05,0.0033053865,-0.00055313914,0.00031710227,-0.0015428239,1.7665094e-05,-0.00017847185,4.065664e-05,1.9149906e-05,0.0020976572,0.00015566181,-7.032846e-05,-0.0013198002,7.5300427e-06,-0.00021657067,-0.0017838677,1.04492e-05,0.003373311,0.0011041365,0.00024136106,-2.518729e-05,-3.0505278e-05,4.1623534e-06,-6.5880304e-05,0.00014307407,0.00046610745,1.9209916e-05,0.00012238084,-0.001234787,7.179216e-06,-0.0001527694,-0.0008936032,6.593134e-05,0.0020747765,-1.6340353e-05,-1.709796e-05,-0.0040530856,-0.00023097981,-0.00022884073,-0.00071431295,6.8499976e-05,0.0034457035,-0.00031434846,-4.3551147e-05
BT*CH,-1.1963684328529385,0.22969484,1.9036066158188602e-07,2.0431218e-05,-0.000799339,-0.00035924095,-4.22796e-05,-6.606675e-05,1.4559675e-05,-3.4555957e-05,-0.00056460453,-4.1883028e-05,0.00012635652,-0.0003217716,0.00063801656,-8.435732e-05,0.00143569,-0.0019439111,8.257869e-05,-0.057968795,0.0013017679,-0.01466368,0.0012644626,0.000739367,0.00012742744,0.05275972,0.00073684263,-0.006048162,-8.142427e-05,0.00020093063,-0.00018543021,0.0009827269,-0.0006724631,0.0068180063,-0.00055674126,-0.0012192291,-8.505474e-05,-0.00011497006,8.2589366e-05,0.0002648763,0.00024373646,0.0020793155,-0.00017641693,0.00049975194,5.980567e-06,0.00015687855,0.0022790444,-2.0529456e-05,0.0007554292,0.0014706128,-0.0009378056,-0.00030259838,-0.00012441863,-1.9963445e-05,-0.00050595996,0.0002076019,-0.0005223197,0.0009250462,-1.614449e-05,-0.002349643,0.0007738324,0.00032985542,0.0029391472,-7.243093e-05,-0.00010104602,0.00022611626,0.00017352565,-0.011188595,-1.4230289e-05,0.0010381881,-0.0005716759,0.00026074558,-0.0011434543,0.0054161237,0.0002556369
BT*BV,-0.0025768416647169124,0.05792063,0.964514472618878,-5.3679314e-06,-0.0004884396,-4.3924425e-05,7.5950566e-06,3.0841263e-06,-1.9451395e-06,-9.712172e-06,-3.3064384e-06,1.1733813e-05,5.3433698e-05,-7.413749e-06,-7.069962e-05,1.8111588e-05,0.00010745813,-1.6601642e-05,-3.5017518e-05,-0.0026919919,0.00018781454,0.0007927088,-0.00016034501,0.0002817167,0.00025288088,0.00073684263,0.0033547997,0.00027866638,1.1728422e-05,2.497026e-05,-0.00039518336,3.458865e-05,0.00014194274,-8.166131e-05,0.00025215378,3.092187e-05,-1.646048e-07,-2.5206447e-05,-1.4658026e-05,-3.9395683e-05,-8.55215e-05,-0.000102352904,3.365726e-05,5.542769e-05,-3.2121818e-05,-3.3376447e-05,-4.7190148e-05,-4.410432e-05,-6.432292e-05,-0.00024128481,9.209892e-05,6.283184e-05,-3.3388352e-07,-5.1253332e-06,1.626156e-05,-2.3396231e-05,2.7194368e-05,-3.1366017e-05,1.7771592e-05,6.70743e-05,9.271421e-06,-6.682222e-06,-7.3526717e-06,-1.0836144e-05,-3.3882523e-05,1.0941237e-05,2.7130764e-05,0.0012419485,0.0001844699,0.000102347236,6.202225e-05,-2.1813788e-05,-0.00015169561,-8.1707425e-05,3.4752287e-05
BU*CA,0.8406024056254155,0.8522124,0.32394833920343247,-0.00017100947,-0.0013746521,-0.0015987633,0.00012132254,0.0011928175,-4.815538e-06,0.00012018907,-0.0010483505,0.0003826851,-0.00075004663,-0.00476587,0.0049270284,-0.0003289459,0.0040573953,-0.0031435594,-6.3972744e-05,0.17693931,-8.612416e-05,0.0057130815,-0.0014531118,-0.0005816788,-0.004989771,-0.006048162,0.00027866638,0.726266,0.00018443358,-0.001786065,-0.0863188,-0.0025144445,-0.055889394,0.0037959956,-0.0023125582,0.03628215,-0.0008887599,0.003124904,-0.00023543886,-0.0026258456,-0.006800804,-0.0052340194,-0.0003141564,0.06830727,-0.003171346,0.0047949827,-0.030362645,-0.0033315003,-0.028373396,0.00038128046,0.0028235929,0.025920484,-0.0006059805,0.0012773407,-0.0030845725,-0.0021143258,0.0024113292,-0.0037959889,-1.7792221e-05,0.030012364,-0.00034022477,0.0012254427,-0.017314633,-0.00010428451,-0.008319653,-0.0003942553,-0.00029917172,0.31336585,-0.0013749569,0.0028191302,-0.015492746,0.006482269,-0.028566767,-0.016232627,0.00017295755
BU*BT,-0.5914145599431014,0.038948316,4.472905765721885e-52,1.3466331e-06,0.00016908681,-0.00068266474,-1.0490031e-05,-0.00037983264,-5.445467e-06,-2.8889039e-05,-0.0002995575,-2.9219518e-06,-2.5958072e-05,-8.0646074e-05,0.00015555075,-6.179899e-05,-7.173346e-05,-2.3817982e-05,-8.164274e-06,0.002826178,-0.000104809915,0.00019731719,0.0001269721,2.0175758e-05,0.00012575067,-8.142427e-05,1.1728422e-05,0.00018443358,0.0015169713,0.0008723671,-0.002299722,0.00074217893,-6.2886436e-05,2.6832759e-05,0.0010401933,-0.00035696352,0.0001510789,-0.0001194595,1.9661047e-05,-4.5342444e-05,2.9049972e-05,0.000106895306,-3.3086668e-05,-0.00035206325,0.00082085084,-0.00012302632,6.896455e-05,0.00059516664,0.00078789564,0.0011036746,0.0005728183,-0.00017254312,0.00015467612,-3.771933e-05,-0.00023895164,-1.0461755e-05,-0.00013968501,2.006329e-05,-4.095092e-06,-0.00015095838,0.00021288655,-0.00012906732,-0.00022132925,-9.244956e-05,0.00013697053,5.4532662e-05,2.1833432e-05,-0.00038839714,0.0009093623,-0.00016394621,-0.00056075037,0.00078987365,7.444898e-06,0.00045469461,0.00023128021
BU*BU,-0.9934299853662565,0.045327835,1.806195889644902e-106,1.0354648e-06,-0.00013894573,-0.00088631193,-4.0396444e-06,-0.00059329346,-1.7656336e-06,-4.0840656e-05,-0.0004880642,-2.2765169e-06,-2.5685793e-05,-0.00013436211,0.00013712837,-0.00011607654,6.0050712e-05,-7.064946e-05,-3.000344e-05,-0.00025039626,0.0001773226,6.744689e-05,-3.9661558e-05,4.1330404e-05,6.7677024e-06,0.00020093063,2.497026e-05,-0.001786065,0.0008723671,0.0020546126,-0.00083359674,0.0005476954,-0.00058255636,-0.0001960021,0.0012769278,-2.9674533e-05,-8.7812475e-07,4.2959623e-06,8.367433e-06,-4.3312317e-05,-0.0001143332,2.4817302e-05,8.705043e-06,6.366308e-05,0.0004049365,0.00043765228,0.0021299978,0.0009840645,0.0015049055,0.0014746012,0.0005820156,-4.1527102e-05,-2.314761e-06,1.0281363e-05,-0.00012077053,-2.3610994e-05,1.4331836e-05,2.814468e-05,-2.1591248e-05,0.00011340817,8.829302e-06,1.6793887e-05,0.00049953564,-0.00013116519,9.11231e-05,7.1548726e-05,2.1799184e-05,0.0010531963,0.00035393867,0.00041165075,0.00025438596,0.00082685973,0.00033636056,0.00061554613,0.00043229765
BU*CS,-1.027086999123569,0.37914366,0.00674934019567611,-5.927552e-06,-0.00074539933,-9.56818e-05,0.0002998049,-0.00100004,-7.117632e-05,-0.00020729528,-0.0018971828,1.1795232e-05,7.3979405e-05,0.000568144,-0.0034583183,-0.00011204664,-0.00018245993,0.0013226932,-0.00062516605,-0.0034560908,0.00094351644,0.0016850738,0.0050021596,-0.00015813201,-0.002414554,-0.00018543021,-0.00039518336,-0.0863188,-0.002299722,-0.00083359674,0.14374991,0.0019475099,-0.009613595,-0.00028226397,-0.007328261,-0.0007623535,-0.00030895768,0.002283622,-0.00060604693,0.0006266657,-0.0019974813,-0.0011156921,0.00063112855,-0.010552202,-0.0004918018,0.003195511,0.06918617,0.0013243427,-0.008157325,0.0038667787,-0.004818033,-0.004920093,-0.00023023666,-3.7033813e-05,0.0059601557,-0.00035614622,0.0014563252,0.0011113086,-0.0002352324,-0.005753089,-0.0003228653,0.0010486676,0.02470927,0.00027156516,-0.001275217,0.00032527727,-0.00014373346,-0.03418521,0.00068037387,0.0020242212,0.019532792,-0.005072947,0.01904985,0.00088462274,0.002131265
BU*CD,-0.5391937852731997,0.074960455,6.33629324554251e-13,1.7330273e-06,-0.00027893815,-0.0010269667,-1.599078e-05,0.00035645545,1.0934575e-05,-7.460326e-05,-0.0007203936,-4.0137693e-06,-6.309666e-06,-0.00019592993,-0.00010668797,1.8574374e-05,4.5052955e-05,-2.7665797e-05,-6.55723e-05,-0.00368263,0.00038352187,-0.0001529266,-7.8617006e-05,0.00027986075,-6.2316554e-05,0.0009827269,3.458865e-05,-0.0025144445,0.00074217893,0.0005476954,0.0019475099,0.0056190696,0.0012131997,0.0023745813,0.0010429438,-0.0003487801,-2.242379e-05,0.00015815404,3.1366646e-05,0.00052964094,-0.0006967143,0.00021335772,2.1035827e-05,-0.0028187952,-0.000387287,0.0014815384,3.3030454e-05,0.00022367721,-0.0027172598,-0.0036640214,0.00034624804,-0.00019119006,-4.946993e-05,7.033699e-05,-0.00017799361,0.00013135253,-0.00011225141,3.66252e-06,-3.0354118e-05,0.00031604775,2.180305e-05,0.00025893253,0.0007771222,0.00067009113,-0.00037100076,9.210301e-05,0.00010109257,0.0030332902,0.00037420003,0.0012342932,-0.00019261328,0.0040746573,-0.000309075,0.0013381491,0.00045462398
BU*DP,-0.6468363091495756,0.20060007,0.0012618983654874509,2.0681016e-05,-0.0004667281,-0.0004900195,-4.4623885e-05,-0.0009749485,-4.4421868e-06,-7.337356e-05,-0.00045358733,-4.5041495e-05,-1.3444182e-05,-0.00055034395,0.0010001395,-0.00020542879,-0.00056026666,0.00022033569,2.0354199e-05,-0.02145791,0.0008783203,-0.00038033418,-0.0013922381,6.2718914e-06,0.0033053865,-0.0006724631,0.00014194274,-0.055889394,-6.2886436e-05,-0.00058255636,-0.009613595,0.0012131997,0.040240392,-0.004046292,0.0012843404,-0.003436251,-0.00015280225,-7.1789385e-05,8.7958135e-05,-0.000102960264,0.00799693,-0.00036073278,5.2767928e-06,-0.005512126,0.00039432847,0.0003870132,-0.0075538806,0.001442426,0.02959982,-0.0016836533,0.0010423925,-0.0011825113,-1.7171813e-05,0.00025309616,0.0013678729,0.00048691995,0.0030792644,0.0003166023,0.00022244961,-0.003876352,-0.00020517659,-6.718235e-05,-0.0004147141,-0.000501667,0.0081702005,7.828466e-06,-5.5884975e-05,-0.019622143,-0.00025751974,0.00012668164,3.888854e-06,0.0005365954,0.029096087,-0.003161362,0.00041246685
BU*CH,-0.39364636143324416,0.12286127,0.0013553691804479538,5.587474e-06,-0.00029004927,-0.0006167525,-3.6647252e-05,-0.00016798766,1.963539e-05,-0.00013914847,-0.001142862,-1.1616077e-05,-1.9282397e-05,-0.00033985492,0.0006204963,2.8765888e-05,0.0005482299,-0.0005764663,-0.00021648429,-0.007637221,0.00022286431,0.000114346774,1.0373661e-05,0.00012354126,-0.00055313914,0.0068180063,-8.166131e-05,0.0037959956,2.6832759e-05,-0.0001960021,-0.00028226397,0.0023745813,-0.004046292,0.015094892,-0.0016176588,-0.00160167,2.464402e-05,3.3935125e-05,7.087173e-05,0.00026325404,-0.0010928304,0.0028204182,-0.000202965,0.00093327963,-9.822031e-05,0.0007102903,0.0054789316,7.4357355e-05,-0.0027433624,0.006868644,-0.0011391436,-0.0012790684,-9.144907e-05,2.5630643e-05,-0.0006437788,8.004981e-05,-0.00061821454,0.001771251,-0.00010897555,-0.0009871415,0.00011575014,0.00054707006,0.0075286366,0.0005135652,0.0007104576,0.00044335597,0.00011802143,-0.025204647,0.0011472604,0.00220922,-0.0013385285,0.0010639724,-0.0031792268,0.010245544,0.0006709643
BU*BV,-0.6125365518415551,0.07648982,1.1651378196207889e-15,-3.4766984e-07,-2.3748808e-05,-0.00094104756,2.1135233e-05,-0.0002483339,9.98929e-06,-3.9291313e-05,0.00046271423,3.452602e-07,1.3331374e-06,-7.008952e-05,0.00031824055,-0.00010559209,3.998583e-05,1.3550745e-05,-2.7020476e-05,-0.0010451277,8.237842e-05,-0.0003955995,-0.00034286326,5.037937e-05,0.00031710227,-0.00055674126,0.00025215378,-0.0023125582,0.0010401933,0.0012769278,-0.007328261,0.0010429438,0.0012843404,-0.0016176588,0.005850693,-0.00027199765,-5.033067e-05,-0.00017983645,-4.2441137e-05,-0.00018229926,0.00025509877,-0.00015844048,0.0001656366,0.0012193861,0.0002051257,-0.00027256543,-0.0022282763,0.0003411713,0.0019707172,-0.0015420282,0.0024688074,1.8135659e-05,-1.902172e-07,-4.4334436e-05,-7.4129566e-05,4.0776617e-05,-0.00018482447,-9.758388e-05,0.00016177972,-0.00039094567,-4.32465e-05,-0.00020855656,0.0015254761,-0.00019609006,0.00042953456,6.181825e-05,0.0001258351,0.0032330719,-0.0007923846,0.0032849715,0.00085497624,0.000823457,-0.0016237478,-0.0003573153,-0.00038097266
CS*CA,-0.03190895088813495,0.25939596,0.9020971820903333,9.895635e-06,-0.00017178689,-4.723443e-05,-0.00023444471,-2.5590241e-05,3.1424624e-05,4.2457934e-05,-5.7235255e-05,-1.9885269e-05,-2.7113827e-05,-7.9594494e-05,0.0013755815,-0.00010178028,0.0006705905,-0.0003750365,-0.00013601278,0.030201128,-0.000103224425,9.606913e-05,-0.00039091014,2.886227e-05,-0.0015428239,-0.0012192291,3.092187e-05,0.03628215,-0.00035696352,-2.9674533e-05,-0.0007623535,-0.0003487801,-0.003436251,-0.00160167,-0.00027199765,0.06728627,-0.00063577597,-2.3560851e-05,0.00045222777,-2.8729699e-05,-0.010096756,-0.002805635,-0.00028074108,0.018337443,-0.0005994961,-0.00012395634,0.0014043014,0.00011868522,-0.0048188865,-0.0012498202,4.498411e-05,0.008625729,-0.000433078,7.4714294e-06,-0.00025873774,-0.00033265146,-0.0003179743,-0.0006794885,0.00013863298,0.032793622,-0.0002745441,-0.0007514453,-0.0075143557,-0.00015134538,-0.005254948,-0.00016659657,-0.00033646397,0.020281404,-0.00025871108,2.414723e-05,0.00038551635,0.00014388008,-0.0015048193,-0.0011040671,3.855364e-05
CS*BT,-0.1204988801979979,0.018058706,2.5127672953601128e-11,-6.093778e-07,9.9893194e-05,-1.4849116e-06,-0.00012408459,-1.3130622e-05,-6.0080624e-06,-6.9655384e-06,1.759829e-07,1.3487476e-06,1.4747412e-05,-2.0294163e-05,8.40767e-05,5.804978e-07,-2.290566e-05,2.35895e-05,-8.701615e-06,0.0007031173,-8.1371894e-05,-7.197034e-05,0.0002467979,-3.0499887e-05,1.7665094e-05,-8.505474e-05,-1.646048e-07,-0.0008887599,0.0001510789,-8.7812475e-07,-0.00030895768,-2.242379e-05,-0.00015280225,2.464402e-05,-5.033067e-05,-0.00063577597,0.00032611686,-1.6479513e-05,0.00024836426,0.00023164919,0.00075880485,0.0005714757,-1.4264805e-05,-0.0001249412,0.00025766474,-7.504064e-05,-0.0006734691,-1.1711231e-05,-0.00014076165,0.00019480848,-3.1534804e-05,-0.0002221995,8.262615e-05,-2.4091758e-05,1.6119493e-05,4.4534754e-06,-2.8151235e-05,9.264129e-05,-3.849022e-05,-0.0002090543,0.00014183728,-3.563185e-05,-0.0004757764,-3.8350104e-06,4.2462612e-05,8.190414e-06,-3.4378765e-05,-0.00035415473,0.00013831462,-7.2495895e-05,2.712608e-06,-6.952406e-05,-0.000105052786,-4.0355103e-06,1.0044821e-06
CS*BU,-0.07697786207952118,0.039928738,0.053869908726289904,4.082253e-07,-2.673624e-05,4.0725303e-05,-9.605209e-05,4.9141563e-05,2.3471986e-05,-3.521577e-05,-1.0856434e-05,-7.7324137e-07,-1.5629623e-05,0.00020355477,0.00012144889,-2.4629779e-05,-0.00021013708,-3.5429824e-05,-3.1061616e-05,0.00015072852,-4.1622416e-06,0.00038745726,3.3653672e-05,-3.1824131e-06,-0.00017847185,-0.00011497006,-2.5206447e-05,0.003124904,-0.0001194595,4.2959623e-06,0.002283622,0.00015815404,-7.1789385e-05,3.3935125e-05,-0.00017983645,-2.3560851e-05,-1.6479513e-05,0.001594304,0.00019163906,-2.8343875e-05,-0.0029135572,-0.00040515765,0.00016342229,-0.0003539247,-0.00014631344,0.0011122831,-0.00027847133,-0.00027395366,-0.0016022647,-3.135372e-05,-9.489983e-07,-0.00019954726,-8.639085e-05,0.00014860224,8.2779705e-05,-0.000104891755,1.694968e-05,-0.00021992969,-6.65361e-05,-0.0019521877,-2.7435603e-05,0.00079682586,0.00039176006,1.3032978e-05,-0.0015378518,7.191326e-05,-1.0472527e-05,0.0020689068,-6.597392e-05,0.00049239985,-3.3667238e-06,-5.732223e-06,-0.00027184913,-0.00035044304,-2.1812068e-06
CS*CS,-0.26575427347270414,0.024383523,1.1662229077163877e-27,-1.1110828e-07,3.4741956e-06,-1.4323555e-05,-0.00023250206,-3.3225777e-05,-4.2960137e-06,-1.8941968e-05,-1.21819785e-05,2.5469632e-07,6.7106225e-07,-2.0735292e-06,3.4292716e-05,-1.5898569e-06,1.3558119e-05,2.185069e-05,-1.6393386e-05,-3.967351e-05,-8.675955e-06,-2.1638574e-05,-3.277095e-05,7.332728e-06,4.065664e-05,8.2589366e-05,-1.4658026e-05,-0.00023543886,1.9661047e-05,8.367433e-06,-0.00060604693,3.1366646e-05,8.7958135e-05,7.087173e-05,-4.2441137e-05,0.00045222777,0.00024836426,0.00019163906,0.0005945562,0.00044704668,0.0010322131,0.0007431644,7.832056e-05,3.8519725e-06,6.440324e-05,2.3130053e-05,-0.0010004175,3.8780498e-05,0.00014976396,0.00010546994,-2.0111438e-05,-2.9281277e-05,1.41566015e-05,-3.054865e-06,-7.166227e-06,8.780415e-06,1.6683043e-05,5.868403e-05,-2.5601417e-05,-0.000165442,4.143404e-05,2.2075656e-05,-0.0010700633,2.658093e-05,0.00010992408,2.9664016e-05,-6.9303887e-06,-0.00011417947,8.755801e-06,-1.160008e-05,2.0493339e-05,-3.4075587e-05,-8.074493e-06,1.7499997e-05,6.982681e-06
CS*CD,-0.32833890587221337,0.046676666,2.0022575811224284e-12,-3.7441689e-07,1.6389266e-05,2.7717717e-05,-0.00021959622,0.00038637736,2.0943532e-06,-1.4876392e-05,6.230716e-05,7.0726406e-07,3.7628452e-06,-7.3126765e-05,0.0001255321,0.00018641836,5.0531566e-05,8.817215e-05,-1.00025745e-05,-0.00066825736,-3.0022638e-06,-0.00012721734,-4.4850367e-05,4.654754e-05,1.9149906e-05,0.0002648763,-3.9395683e-05,-0.0026258456,-4.5342444e-05,-4.3312317e-05,0.0006266657,0.00052964094,-0.000102960264,0.00026325404,-0.00018229926,-2.8729699e-05,0.00023164919,-2.8343875e-05,0.00044704668,0.0021787111,0.0011579145,0.0011215315,7.868581e-05,-0.0012329634,-0.00042578302,-0.00072346895,0.01435421,2.3909379e-05,-0.0006614607,-0.00018348588,-0.0007710304,-9.886359e-05,2.9893336e-06,-3.801581e-05,0.00014555229,0.0002627161,-0.00015351648,0.00021578422,-5.6376604e-05,-0.0011548805,-7.025178e-06,-0.0001577325,0.0018660525,0.0008318191,0.00066257716,-2.7690761e-05,-1.5558042e-05,-0.0013968952,-4.7639125e-05,-0.00023971681,0.00023768583,0.00023464544,1.8242823e-05,0.00018420484,-7.1433395e-05
