Param name,Param value,Param stdv,Param p-value,CA,BT,BU,CS,CD,DP,CH,BV,CA*CA,CA*BT,CA*BU,CA*CS,CA*CD,CA*DP,CA*CH,CA*BV,BT*CA,BT*BT,BT*BU,BT*CS,BT*CD,BT*DP,BT*CH,BT*BV,BU*CA,BU*BT,BU*BU,BU*CS,BU*CD,BU*DP,BU*CH,BU*BV,CS*CA,CS*BT,CS*BU,CS*CS,CS*CD,CS*DP,CS*CH,CS*BV,CD*CA,CD*BT,CD*BU,CD*CS,CD*CD,CD*DP,CD*CH,CD*BV,DP*CA,DP*BT,DP*BU,DP*CS,DP*CD,DP*DP,DP*CH,DP*BV,CH*CA,CH*BT,CH*BU,CH*CS,CH*CD,CH*DP,CH*CH,CH*BV,BV*CA,BV*BT,BV*BU,BV*CS,BV*CD,BV*DP,BV*CH,BV*BV
CA,0.2557058363191586,0.009410708,1.3996704287576724e-162,8.856142e-05,6.966663e-07,1.927691e-06,1.6841244e-07,3.865594e-06,-3.530057e-07,1.739704e-06,4.2574243e-06,-0.00019750687,-7.569574e-05,0.00044647965,-0.00018579158,-0.00018173047,-0.00035916478,-0.00012525736,-7.0300506e-05,-0.004027481,-5.5974944e-08,2.2976326e-06,4.975573e-06,2.105827e-06,8.506942e-06,-7.825978e-06,-2.3084006e-06,-0.00011217132,-9.1479404e-07,-1.3846328e-06,3.665275e-07,-7.1580666e-06,-2.3104481e-05,9.084433e-06,1.049631e-06,7.967723e-06,3.6642676e-09,-1.2033324e-06,-3.2810078e-07,3.6856911e-06,1.453058e-06,1.186057e-05,9.434862e-09,0.00014017706,-5.503133e-06,-1.1038617e-05,0.00019109732,-9.547838e-06,-2.6065372e-05,5.131242e-05,-6.1180235e-06,-0.00018456635,-7.575393e-07,-2.520756e-06,2.9697744e-06,1.4411163e-06,1.0407117e-06,1.1245181e-05,6.318282e-07,0.00026557653,-1.3570151e-06,-4.721754e-06,7.758778e-05,1.9474055e-07,8.2954386e-07,-3.2800924e-06,-2.423335e-06,0.00034743728,-2.3277316e-06,-9.182205e-06,1.8557096e-06,-1.2936762e-05,-2.9018633e-05,1.5116097e-05,-6.843921e-07
BT,0.7707428995592939,0.03171883,1.997841098596735e-130,6.966663e-07,0.0010060843,3.4434153e-05,-2.064794e-06,9.654764e-07,-5.649873e-06,1.7024851e-05,7.220483e-05,-1.4273551e-06,0.00020142068,-0.06197071,5.6302757e-05,-3.5889534e-06,-3.0048372e-05,-1.594736e-05,2.609547e-06,-0.02371563,-0.0008335579,-0.0020187676,-0.00016760323,-0.00027347912,-0.00034385495,-3.295129e-05,-0.00038612203,0.002416023,0.00020858432,-1.5362495e-05,-0.00054577994,-7.280555e-05,-0.00016808006,-0.00011903156,6.8101624e-05,-0.0001467243,5.867588e-05,-2.6477373e-05,3.9130887e-06,1.910452e-05,6.69196e-05,3.6446996e-05,-3.7536224e-06,-0.00011884735,0.00026930677,-4.0706713e-05,1.7692615e-05,1.3891915e-05,-5.273442e-05,0.00016936628,7.2306284e-06,6.491936e-07,6.9098285e-05,1.8511464e-06,-7.541099e-05,2.1738215e-06,1.5143103e-05,3.132023e-05,-9.736329e-06,-0.00013016799,6.701758e-05,-4.271136e-05,-0.00012636534,-1.9021772e-05,-2.1825697e-05,-3.1725896e-05,-4.0594214e-06,-0.00027340767,0.00028081072,-3.7905847e-05,-0.0003285182,-6.291418e-05,-0.00030071833,-6.140475e-05,-4.5794746e-05
BU,0.7232744757081319,0.021522027,1.3597638586401709e-247,1.927691e-06,3.4434153e-05,0.00046319762,3.9136917e-06,0.00017878733,2.1840664e-05,3.6927308e-05,0.00025760964,-4.195084e-06,-1.7905782e-05,-0.011327121,5.009716e-05,2.5758622e-05,-3.3497483e-05,-3.3723886e-06,2.89741e-06,0.0033168942,-4.085395e-05,-7.786418e-05,1.2057458e-05,-2.2917298e-05,-2.096057e-05,8.1980085e-07,-2.9857189e-05,-0.015528696,-0.00046086835,-0.00050914055,0.00019660292,-0.00056725123,-0.0007085629,-0.00013926374,-0.00065789657,5.2185274e-05,-5.029819e-06,8.8802895e-05,-8.087981e-06,1.2903959e-05,-8.050335e-05,3.5254482e-06,-1.1949064e-05,-0.00018703604,-0.00015642295,8.6862034e-05,-0.0008859322,-0.00028292253,-0.0006394261,-0.00039818283,-0.00010258859,3.217128e-05,-3.5310368e-05,3.1786938e-05,0.00012130622,-1.3062515e-06,-0.00015330737,-8.010711e-05,-2.1050086e-05,4.6557292e-05,-3.741578e-05,9.760099e-05,-0.00023430765,2.8971699e-05,-0.00022621546,-7.422112e-05,-2.6450987e-05,0.00048689777,-0.00023616968,0.0001373947,-0.00022829439,-0.00033023144,-0.0008915761,-0.000445994,-0.00019189043
CS,0.26396824316900774,0.0100315055,1.3289455194603848e-152,1.6841244e-07,-2.064794e-06,3.9136917e-06,0.00010063111,1.7954313e-05,1.623065e-06,8.251333e-06,4.466923e-06,-3.5840628e-07,4.5812774e-07,0.00024831895,1.6078843e-06,2.0577581e-06,3.9114834e-06,2.16771e-08,2.2153304e-06,0.0003016541,2.5971162e-06,1.2592429e-05,1.2314927e-05,-2.0513091e-06,-1.21868725e-05,-3.446376e-05,4.7811036e-06,0.0005451147,-9.024646e-06,-7.286619e-07,0.00027954057,-1.4551919e-05,-3.8566242e-05,-3.8830975e-05,2.651041e-05,-0.00022685305,-0.00010670024,-0.00012949988,-0.0002088655,-0.00020466493,-0.00041224275,-0.00028417568,-3.304851e-05,4.5320798e-05,-3.6281243e-05,-2.8639804e-05,0.0007472867,-1.8301916e-05,-0.00012039725,-2.0877636e-05,9.294524e-06,-7.7868535e-06,-8.037376e-06,1.8156161e-06,2.1685975e-05,-4.3480513e-06,-7.3460405e-06,-2.471649e-05,1.4195211e-05,0.00011755243,-1.6680768e-05,-1.26417735e-05,0.00034615284,-4.6400423e-06,-6.8060435e-05,-1.28834e-05,4.58674e-06,-8.930204e-05,-6.314601e-06,1.0441683e-05,5.841923e-06,1.00734505e-05,2.790449e-05,1.2431135e-05,-3.181356e-06
CD,0.7849952876133663,0.043500084,8.507106783349529e-73,3.865594e-06,9.654764e-07,0.00017878733,1.7954313e-05,0.0018922574,2.306374e-05,9.05473e-05,0.00015864546,-8.763847e-06,-2.0363119e-05,0.008391584,7.571001e-05,0.00032074592,7.434017e-05,-6.7237095e-05,1.705076e-05,0.0045937574,-9.018959e-06,3.2777727e-05,9.342242e-06,-3.113362e-05,-2.7294995e-05,-4.8572e-05,-2.8003748e-05,0.008506881,-0.0001740137,-0.00019000797,0.0003272641,0.0003053807,-0.00089825,2.873405e-05,-0.00019803493,2.6584625e-05,-1.09424855e-05,-2.6704698e-05,-3.7137248e-05,0.00013145717,2.726993e-05,1.6830744e-06,-3.854077e-05,-0.0030123368,-0.0015691676,-0.0015260221,-0.013960431,-0.0028587074,-0.0038357456,-0.010015781,-0.0008962661,0.00017593044,-3.763156e-05,-7.530005e-07,4.2145206e-05,-6.742457e-07,-0.00015161985,-7.2587805e-05,-2.3533865e-05,-0.00027313904,-5.5877717e-05,-0.000105673804,-0.00031905467,0.0005863438,2.7476066e-05,-0.0001837808,-6.8036046e-05,0.0010129727,-0.00012419946,0.00023548698,-0.0002802704,0.00026689048,-0.0010471456,-0.00021700653,-0.0001369863
DP,0.2992994237716264,0.01455814,6.406223606035551e-94,-3.530057e-07,-5.649873e-06,2.1840664e-05,1.623065e-06,2.306374e-05,0.00021193943,4.4775425e-06,3.4595567e-05,8.199216e-07,1.9845213e-07,-0.0042137397,2.0487587e-06,1.0150713e-05,0.00016579237,1.3321162e-05,1.01348105e-05,-0.00022253382,4.4197736e-06,2.7699884e-06,1.577416e-05,4.952303e-06,-1.723343e-05,2.8051056e-05,-3.0051597e-06,-0.0002487262,-1.3776064e-05,-5.0241083e-06,6.696381e-05,7.9755555e-06,2.5536045e-05,2.3280407e-05,1.0322944e-05,1.1172728e-05,-2.963055e-06,2.4095838e-05,-3.3289607e-06,1.4902484e-05,0.00020378064,8.736898e-07,9.988779e-07,-6.4481006e-05,-1.5697646e-05,2.0298916e-05,8.7100336e-05,-1.40023385e-05,0.0004938895,2.825388e-05,3.3710207e-06,0.0007045643,-0.00015284239,-4.9477574e-05,-3.974949e-05,-7.3221905e-05,-0.0013854268,-0.00020203301,-0.00011602339,-5.8701808e-05,-2.0458574e-06,1.8709523e-05,1.5396316e-05,1.9581516e-05,9.894138e-05,-5.25464e-06,5.617438e-06,7.0412265e-05,-2.7375805e-05,0.000107476866,-5.9078055e-05,-8.252301e-06,0.00038185128,-3.6586593e-05,-1.6453916e-05
CH,0.47845131596395324,0.012032719,0.0,1.739704e-06,1.7024851e-05,3.6927308e-05,8.251333e-06,9.05473e-05,4.4775425e-06,0.00014478633,8.753306e-06,-3.902438e-06,-1.5888607e-05,0.007299538,-1.8872425e-06,9.704499e-06,1.3176699e-05,-4.0111092e-05,-1.1385692e-05,0.0018775142,-1.6093722e-05,1.8284383e-05,-8.566688e-06,-8.476218e-06,-9.376148e-06,-5.5913908e-05,-1.0361038e-05,0.00031958605,-3.5609934e-05,-3.7671656e-05,-0.00011037608,-5.152063e-05,-7.132577e-05,-0.000108705884,-3.5758214e-05,5.3549255e-05,-8.463888e-06,-2.680392e-05,-1.7004817e-05,-1.2341685e-06,5.6078574e-05,-0.00016486533,-9.570678e-06,-0.000479639,-7.727605e-05,-0.00017158598,-0.00040274046,-0.00011341056,3.3880377e-05,-0.00013669283,-7.903899e-05,3.406922e-05,-3.8312683e-06,-3.697382e-06,9.490142e-06,-1.1349401e-06,-2.3556719e-05,-3.7764763e-05,-3.9793986e-06,-0.00090335833,-0.00011819799,-0.00020885994,-0.0009932594,-0.0003111216,-4.346267e-05,-0.0002525988,-0.00011160758,-5.3369236e-05,9.108437e-07,8.118592e-05,-3.5819325e-05,-1.26624245e-05,-0.00013536788,-7.876764e-05,-1.9811923e-06
BV,0.911864395584614,0.029520845,1.6872678192227496e-209,4.2574243e-06,7.220483e-05,0.00025760964,4.466923e-06,0.00015864546,3.4595567e-05,8.753306e-06,0.0008714803,-9.606845e-06,-9.803523e-06,0.027366886,-6.524959e-05,1.5750282e-05,7.690824e-05,-2.7909698e-05,5.7615038e-05,0.002988134,-6.783416e-05,-0.00014930838,-2.835586e-05,-2.7168828e-05,-9.267205e-06,-0.0001702275,2.668434e-05,0.0053465073,-0.00016515626,-0.00023443312,-0.0021374875,-0.00043098457,-0.00046642992,-0.0005364361,0.00023067246,4.7527297e-05,-6.4404244e-06,7.559815e-06,-9.180323e-06,1.4075003e-05,-6.501174e-06,-5.4611322e-05,1.0755397e-05,-5.2746396e-05,-0.00010734433,-0.000103850005,-0.0012113154,-0.00024722138,-0.00040483015,-0.0006287179,5.514567e-05,0.0006264397,-1.0150551e-05,-1.8867202e-05,-0.0001426921,5.6258723e-06,-0.00044704432,-6.22425e-05,6.0623493e-05,0.00018808249,-5.634922e-06,1.0957059e-05,-0.0001849893,6.233337e-05,-0.00010041561,-1.37817915e-05,-2.7716058e-05,-0.0067401826,-0.000794177,-0.001884432,0.0002464568,-0.0007759634,-0.0008078476,1.3306941e-05,-0.00079673936
CA*CA,-0.28365084363418264,0.022997243,5.933089301953399e-35,-0.00019750687,-1.4273551e-06,-4.195084e-06,-3.5840628e-07,-8.763847e-06,8.199216e-07,-3.902438e-06,-9.606845e-06,0.00052887324,0.00016946919,-0.00096399314,0.0003924715,0.00040098274,0.00076743774,0.00026828412,0.00015938273,0.008935418,1.631988e-08,-5.0451404e-06,-1.1444395e-05,-4.582756e-06,-1.8727173e-05,1.7471131e-05,4.958024e-06,0.00024501863,2.1118967e-06,3.1198265e-06,2.3287316e-06,1.5842983e-05,4.6488163e-05,-1.9898102e-05,-2.3908065e-06,-1.543407e-05,6.312701e-08,2.628593e-06,6.978155e-07,-8.087471e-06,-4.145503e-06,-2.6171649e-05,-7.955257e-08,-0.0003044594,1.2485287e-05,2.5345007e-05,-0.00041674447,2.1614975e-05,4.8452643e-05,-0.00011597977,1.3683233e-05,0.0004281639,1.4841755e-06,5.212187e-06,-4.795931e-06,-3.3215829e-06,-3.4506113e-06,-2.3488612e-05,-1.6308668e-06,-0.00058596797,3.0563501e-06,1.100278e-05,-0.00017059715,-8.2975544e-07,-5.3527197e-06,7.3467922e-06,5.420195e-06,-0.0007499211,5.4930933e-06,2.3327742e-05,-2.7179467e-06,2.8769426e-05,5.4478725e-05,-3.4663604e-05,1.667783e-06
CA*BT,-0.23293321821689347,0.032750603,1.1409692395660353e-12,-7.569574e-05,0.00020142068,-1.7905782e-05,4.5812774e-07,-2.0363119e-05,1.9845213e-07,-1.5888607e-05,-9.803523e-06,0.00016946919,0.001072602,0.0024991275,-0.0014652078,0.0001793769,0.00081632286,-0.0001971531,0.0001453667,-0.06344154,-0.00018709055,-0.00017395818,-0.00056180207,-3.1507032e-05,-0.00026444902,5.3122105e-05,7.267472e-05,-0.00021837548,0.00011073162,1.0513934e-05,7.5668526e-05,1.6372274e-05,8.68498e-05,-6.2210245e-05,1.618499e-05,3.1092513e-05,2.4433806e-05,4.4369708e-07,-9.3381703e-07,-1.6706148e-05,-1.1141423e-05,2.9245928e-05,1.904336e-05,-0.00031820947,0.00012896843,-3.464358e-05,-0.0003227101,3.256244e-05,0.00023344865,-7.3106808e-06,2.1030046e-05,5.4773147e-05,1.2376934e-05,1.5069386e-05,0.00014373296,5.190777e-06,-4.573242e-05,-6.852927e-05,-2.1088715e-06,-0.00034855987,7.3478834e-05,-3.193902e-05,0.00085661595,2.7508506e-05,-7.586808e-05,3.4311975e-05,-6.3458515e-06,-0.0020565721,0.00014674825,-0.00013878677,0.0001809676,2.1440328e-05,0.00037638648,-3.486868e-05,3.4770483e-06
CA*BU,-8.447965101621046,14.714738,0.5658893693039024,0.00044647965,-0.06197071,-0.011327121,0.00024831895,0.008391584,-0.0042137397,0.007299538,0.027366886,-0.00096399314,0.0024991275,216.52351,-0.012134798,-0.00052873074,0.010828976,-0.019667568,0.008516761,0.65071857,0.059992045,-0.08255604,0.06486494,0.0063076247,0.03938661,0.08434143,-0.02086188,-12.564655,0.017574536,0.015041671,0.07598051,0.057865907,-0.06558549,0.028287938,0.039645378,0.012735134,-0.0025603634,0.014766118,-0.0005003055,-0.0022309783,0.004599578,-0.0020033345,0.00025598914,-0.021913761,0.012897153,0.021930166,-0.14100519,-0.016958248,-0.027381243,0.105319984,0.0007555095,-0.043145783,0.0044773063,-0.0054900963,-0.009400584,0.001833001,0.033413105,0.012838352,-0.0037920838,-0.0060132667,0.003445212,0.012412806,-0.078362115,-5.83278e-05,-0.03700244,-0.014752035,0.0013009433,0.5076976,0.0013122195,0.1175061,-0.08743935,-0.059562657,-0.08370437,-0.095078275,-0.024759647
CA*CS,-0.06477291047570714,0.20080322,0.7470216118170083,-0.00018579158,5.6302757e-05,5.009716e-05,1.6078843e-06,7.571001e-05,2.0487587e-06,-1.8872425e-06,-6.524959e-05,0.0003924715,-0.0014652078,-0.012134798,0.04032193,-0.00065830495,-0.003960783,-0.0023987454,-0.00040560093,0.03141382,4.1255727e-05,-9.710225e-05,-0.001158497,4.7688358e-05,0.0004033085,-0.00051039277,-7.766601e-05,-0.0028934937,-9.186915e-06,1.8327024e-05,0.0033348629,-6.936422e-05,-0.0026634997,-6.787361e-05,0.000112881244,0.0001766799,0.00010155185,0.000113937844,-1.9021529e-06,0.00029703154,-0.0011326484,0.00025921038,-1.9077752e-05,0.00082427874,-0.0001761047,-1.9464922e-05,0.013917434,-0.00018560216,-0.0042295693,-0.0010638421,-0.00028450848,0.0041471086,-6.0308776e-06,-0.00019994267,-0.0018453094,-0.0001335848,-0.00051003176,0.0013427531,0.00011401416,0.0006127816,-7.325981e-05,4.257576e-05,0.00652561,-9.788754e-05,-0.0012930955,-0.00012506539,-0.00013543422,0.01214862,6.367587e-06,0.0019896028,0.0027195835,2.7549286e-05,-0.0058224946,-0.0010400788,8.1733895e-05
CA*CD,-0.28254574326486115,0.03774402,7.109017639772713e-14,-0.00018173047,-3.5889534e-06,2.5758622e-05,2.0577581e-06,0.00032074592,1.0150713e-05,9.704499e-06,1.5750282e-05,0.00040098274,0.0001793769,-0.00052873074,-0.00065830495,0.0014246111,0.0003885304,0.0004922932,0.00012582104,0.008216659,-5.515838e-06,1.7422748e-05,4.085832e-05,-2.3561064e-05,-3.425016e-05,-5.1540293e-05,4.29623e-06,0.0014149321,-3.7193517e-05,-3.4040986e-05,1.7706643e-05,0.00025153265,-0.00010957054,-5.2504252e-05,-4.0103445e-05,0.00020061262,-9.556374e-06,-1.7963343e-05,-4.1876597e-06,0.00022442684,2.1057876e-05,-2.225001e-05,-5.412928e-06,0.0039042411,-0.00031035917,-0.00031230188,-0.00091517426,-0.00010712258,-0.00095164025,-0.00023290027,-0.00030261482,0.00018782997,-6.3459843e-06,1.092602e-05,2.6997433e-05,1.2543424e-05,-0.00014157503,-4.7896392e-05,-4.178196e-06,-0.0003716468,-1.8775412e-05,-3.2252094e-05,-9.776681e-05,0.0005538472,-1.5489444e-05,-1.7325745e-05,-1.7882716e-05,-0.00020994605,-2.7482687e-05,2.1802327e-05,-1.8513521e-05,0.00027844578,-4.2463507e-05,-0.00012328321,-1.767132e-05
CA*DP,-0.38022749415077767,0.12190601,0.0018145261513684205,-0.00035916478,-3.0048372e-05,-3.3497483e-05,3.9114834e-06,7.434017e-05,0.00016579237,1.3176699e-05,7.690824e-05,0.00076743774,0.00081632286,0.010828976,-0.003960783,0.0003885304,0.014861076,-0.0047463034,0.0014482058,-0.010078007,-9.1536e-05,0.00016340427,-0.00011025547,5.935291e-05,-0.00044858802,0.00078605197,6.263405e-05,0.0023001789,6.9808186e-05,-2.7358037e-05,-0.0015500014,0.00011523959,0.0029218849,-0.00039724374,-7.662066e-05,0.0015026856,-1.3089075e-05,-0.00015432367,-8.351872e-06,-0.00017865078,0.0013590485,-0.000115691575,-1.615839e-05,-0.0004553723,5.5668926e-07,-0.00016632666,-0.008314964,-0.0001234823,0.0058320896,-0.0015515053,-2.388612e-05,0.004265492,-6.132271e-05,8.6642925e-05,0.0017675179,-1.9199008e-06,-0.0012015434,0.00029780463,-0.00044841287,0.0007527543,-2.2607173e-05,-7.779056e-05,-0.0030900212,-0.00013989811,0.0020800598,-3.3539458e-05,-1.28330075e-05,-0.011473722,9.061769e-05,-0.0018890775,-0.00045470774,6.976411e-05,0.006162831,0.00043880587,-6.041401e-05
CA*CH,-0.05952113718002917,0.07972335,0.4553074451965964,-0.00012525736,-1.594736e-05,-3.3723886e-06,2.16771e-08,-6.7237095e-05,1.3321162e-05,-4.0111092e-05,-2.7909698e-05,0.00026828412,-0.0001971531,-0.019667568,-0.0023987454,0.0004922932,-0.0047463034,0.006355813,-0.0013958033,0.03056458,0.000110271234,-0.00024263603,0.0004221009,-8.262961e-05,0.00027177582,-0.0005261837,-4.744555e-06,0.0016432048,-0.00010659321,3.2474214e-05,0.00014318056,-0.0001179335,-0.00047400122,0.0005011344,2.3445002e-05,-1.1531568e-05,-4.3746193e-05,-1.1943136e-05,-2.415198e-07,3.340384e-05,0.00012212405,0.00039031904,-2.1590122e-05,0.0027546918,-6.723213e-05,1.8111494e-05,0.0031001677,3.992261e-05,-0.0006593425,0.0015145725,-4.4375734e-05,-0.0005994382,-4.8600643e-05,-5.2897973e-05,0.00029995514,4.5379318e-05,-8.884422e-06,-5.8921065e-05,6.2705665e-05,0.0030972548,1.9096522e-05,6.40639e-05,0.0015787085,0.000122698,-0.0001427523,8.6542015e-05,-3.6868816e-05,0.0030030606,-0.00016348352,0.0006881977,-0.00077166903,-0.0002129933,-0.0010776765,0.00033550418,-2.3895427e-05
CA*BV,-0.15624938414032938,0.033575185,3.260052724683637e-06,-7.0300506e-05,2.609547e-06,2.89741e-06,2.2153304e-06,1.705076e-05,1.01348105e-05,-1.1385692e-05,5.7615038e-05,0.00015938273,0.0001453667,0.008516761,-0.00040560093,0.00012582104,0.0014482058,-0.0013958033,0.0011272931,-0.0056036245,-4.036757e-05,-8.1534964e-08,-0.0001539928,2.2943183e-05,-7.813353e-05,0.00035016937,1.1455212e-06,0.0018085917,1.5736543e-05,-1.551851e-05,-0.00036576352,-2.2711945e-05,0.0002569281,-3.5007186e-05,3.509391e-05,0.000105109204,1.2273299e-05,6.7230308e-06,-4.5695206e-06,-5.735962e-06,0.00011148395,-0.00016139643,-4.0883506e-06,-0.00055035355,1.0150586e-05,-6.0640956e-05,-0.0008686221,-2.4342693e-05,0.00042192204,-0.0006139535,0.00012254914,7.1689465e-05,1.7309472e-05,4.3468386e-05,-5.5298573e-05,-1.3512291e-05,-9.703557e-05,-0.00021096278,-1.7082384e-05,-0.00030957867,4.122817e-06,-4.5810135e-05,-0.00049742765,-1.5275311e-05,0.0002272975,5.7491452e-05,9.7018616e-05,0.010934073,-3.824487e-05,-0.00059462275,0.00036085586,1.1721624e-05,0.000716015,0.00034186998,-4.6643425e-05
BT*CA,9.709928831040806,3.6819482,0.00836005527309669,-0.004027481,-0.02371563,0.0033168942,0.0003016541,0.0045937574,-0.00022253382,0.0018775142,0.002988134,0.008935418,-0.06344154,0.65071857,0.03141382,0.008216659,-0.010078007,0.03056458,-0.0056036245,13.556742,-0.009088509,0.19462156,0.018481968,0.006613114,0.022813255,-0.1357132,-0.012144696,0.18573917,0.0077241594,-0.0030023174,-0.011492785,-0.0045931377,-0.027488925,-0.015844226,-0.0061673345,0.028021043,0.002887116,-0.0017711495,-0.00063345156,-0.0018084772,-0.014181042,0.0010033067,-0.0015803064,0.038874775,0.0067948177,-0.0032361564,-0.0498591,-0.008585021,-0.038582694,-0.022972034,-0.002522297,0.022762649,0.005988853,-0.0022598493,0.00060567376,-0.00044047346,-0.003921225,-0.0027898087,0.0019374178,0.026038196,0.0011240611,-0.00062417093,-0.036947533,-0.0044443333,-0.013117547,-0.0037458667,-0.0021282316,0.2551874,0.009195921,0.0037250388,-0.03207856,-0.00889509,-0.038693976,-0.033728532,-0.0014948077
BT*BT,-1.0006874969788064,0.036899883,5.880524719357444e-162,-5.5974944e-08,-0.0008335579,-4.085395e-05,2.5971162e-06,-9.018959e-06,4.4197736e-06,-1.6093722e-05,-6.783416e-05,1.631988e-08,-0.00018709055,0.059992045,4.1255727e-05,-5.515838e-06,-9.1536e-05,0.000110271234,-4.036757e-05,-0.009088509,0.0013616014,-0.00040761605,-0.00046706956,-9.4666786e-05,-0.00031417032,0.00079673046,7.624452e-05,-0.002202042,-0.00015756524,1.561559e-05,0.0004489378,6.895368e-05,0.00024602583,8.7039785e-05,-4.9121478e-05,2.0528205e-05,-3.5236615e-05,-1.5956027e-06,-5.107037e-06,-8.739462e-06,4.7772857e-05,-5.473713e-05,4.612828e-06,-2.6698064e-05,-0.00020341408,3.3006998e-07,0.00015376885,1.8590392e-05,0.00019676947,-0.00023664405,-1.0959752e-05,2.6793243e-05,-6.9305286e-05,-2.7909882e-06,3.0584952e-06,3.01126e-06,1.6674681e-05,-6.0679454e-06,5.804307e-06,2.6889546e-05,-4.3640088e-05,1.4102872e-05,-2.592926e-06,1.7837003e-05,0.000108109816,2.6990685e-05,8.285108e-06,-0.00047437067,-0.0001797924,-5.2412095e-05,0.0004043617,5.9985843e-05,0.0003999233,8.5912005e-05,4.53665e-05
BT*BU,0.33517044913354926,0.16018371,0.03640160585104692,2.2976326e-06,-0.0020187676,-7.786418e-05,1.2592429e-05,3.2777727e-05,2.7699884e-06,1.8284383e-05,-0.00014930838,-5.0451404e-06,-0.00017395818,-0.08255604,-9.710225e-05,1.7422748e-05,0.00016340427,-0.00024263603,-8.1534964e-08,0.19462156,-0.00040761605,0.025658822,-0.0006605382,0.00049577426,0.00058131485,-0.022505507,0.0009688314,0.01552162,0.00016824881,0.0001352238,0.0027074066,0.0002091627,-0.00029889157,0.00024302964,-0.00024258149,0.00057076296,-2.791009e-05,0.00033356927,-2.662089e-05,-8.438242e-05,-0.0011756396,-0.00018548549,-3.7428365e-06,0.0009567998,-0.0001396028,0.00047206902,-0.00014210412,-0.00018708578,-0.0013757566,0.00012990263,-2.0511934e-05,-0.0006948496,-1.243325e-06,8.037495e-06,0.0008187193,-3.7386275e-05,-9.407949e-05,-0.00017150826,3.184968e-05,0.0006320951,-0.000105183746,0.00032753331,0.00023803013,-9.826669e-05,-0.0008007598,-4.572112e-05,-0.000120145545,0.0056485785,-0.00013673097,0.0009270204,-0.00013408977,4.5672965e-05,-0.00070740446,-0.0007227143,8.9908e-05
BT*CS,-0.0008105372878516941,0.16205914,0.9960094044743422,4.975573e-06,-0.00016760323,1.2057458e-05,1.2314927e-05,9.342242e-06,1.577416e-05,-8.566688e-06,-2.835586e-05,-1.1444395e-05,-0.00056180207,0.06486494,-0.001158497,4.085832e-05,-0.00011025547,0.0004221009,-0.0001539928,0.018481968,-0.00046706956,-0.0006605382,0.026263168,0.0004690381,-0.00045354295,0.00042041362,-0.00014374337,0.001552128,1.609329e-05,-2.5374322e-05,0.00094931916,-8.455788e-06,-0.00023135458,6.173182e-05,-0.00017202372,6.779144e-05,0.00016334777,-5.5382065e-05,-2.3087934e-05,-7.102136e-05,-2.4867142e-05,-0.00011460997,4.242847e-05,0.00022488752,0.0001585704,3.3987086e-05,0.0005647145,-9.409429e-05,-0.00035145215,0.00026834954,2.0420885e-05,0.00027244684,2.9671986e-05,2.9177343e-05,-0.0003486153,-1.4071475e-05,-0.0001256346,-0.00010233492,-3.213085e-05,-1.6594526e-05,7.086655e-05,3.2596898e-05,0.00075251,5.140226e-06,-0.0001553949,1.0922671e-05,-9.092555e-06,-0.0027211593,0.00020178538,-0.00026477588,0.0013177657,-9.903283e-05,-5.5539564e-05,-9.015775e-06,3.583742e-05
BT*CD,0.008514331863047992,0.059790563,0.8867620053867322,2.105827e-06,-0.00027347912,-2.2917298e-05,-2.0513091e-06,-3.113362e-05,4.952303e-06,-8.476218e-06,-2.7168828e-05,-4.582756e-06,-3.1507032e-05,0.0063076247,4.7688358e-05,-2.3561064e-05,5.935291e-05,-8.262961e-05,2.2943183e-05,0.006613114,-9.4666786e-05,0.00049577426,0.0004690381,0.0035749113,0.0002783061,0.0009255407,0.00012463747,-0.0015578466,-2.0372589e-05,1.3286236e-05,-0.00020857943,0.000103213635,-3.749385e-05,5.8716905e-05,3.155367e-05,-1.1872318e-05,-2.3829987e-05,2.2395184e-06,3.935358e-06,2.5319474e-05,-4.684242e-05,-1.357587e-07,-2.6070868e-06,-0.00012661635,1.25247025e-05,1.2822655e-05,-0.0002086061,0.0001276458,6.7142384e-05,-0.0001566313,4.1806565e-05,6.523158e-05,4.3566297e-06,-4.1658536e-06,-7.352126e-05,3.581577e-06,-5.675723e-05,-4.1151397e-05,6.633353e-07,2.936369e-05,-5.774174e-06,8.620103e-07,-0.00021363291,2.9041876e-05,-1.5880054e-05,1.7645567e-05,1.6623651e-05,1.5310601e-05,-4.260383e-05,2.991323e-05,-7.532804e-05,0.00021915298,-0.00019479712,0.00014024001,-2.7766994e-06
BT*DP,0.0027746808641136056,0.1275158,0.9826397947832615,8.506942e-06,-0.00034385495,-2.096057e-05,-1.21868725e-05,-2.7294995e-05,-1.723343e-05,-9.376148e-06,-9.267205e-06,-1.8727173e-05,-0.00026444902,0.03938661,0.0004033085,-3.425016e-05,-0.00044858802,0.00027177582,-7.813353e-05,0.022813255,-0.00031417032,0.00058131485,-0.00045354295,0.0002783061,0.016260277,-0.0015513517,0.00018908165,-0.000637832,-0.00011727523,-8.324577e-06,-0.00038757452,-5.946734e-05,0.0009702175,-0.00012212663,1.7714356e-05,-0.00054671586,-1.1883477e-05,-0.000108461434,2.3946406e-05,1.85798e-05,0.0010661364,2.4966874e-05,-2.766661e-05,-0.00041153008,-0.00010648871,-0.00013967627,-9.93332e-05,5.9157637e-06,0.0015287861,0.00019574887,-1.0074508e-05,-0.00010579486,-0.00018112728,-1.5810918e-05,-0.00020572949,2.2765462e-05,0.0004987768,1.784751e-05,0.000100259116,-0.0005796992,-2.0870595e-05,-0.00010878216,-0.0006378364,-4.292872e-06,0.0011181918,-3.2598664e-06,-8.099353e-06,-0.0005562514,-0.00024837957,-0.00024460864,1.8578616e-05,-0.00010392974,0.0016060381,-4.5102028e-05,1.7512411e-05
BT*CH,-1.3329719640820188,0.24635561,6.275656163853058e-08,-7.825978e-06,-3.295129e-05,8.1980085e-07,-3.446376e-05,-4.8572e-05,2.8051056e-05,-5.5913908e-05,-0.0001702275,1.7471131e-05,5.3122105e-05,0.08434143,-0.00051039277,-5.1540293e-05,0.00078605197,-0.0005261837,0.00035016937,-0.1357132,0.00079673046,-0.022505507,0.00042041362,0.0009255407,-0.0015513517,0.06069109,-0.0002676515,-0.057241756,-0.00050595077,-4.9382586e-05,-0.0004123969,0.00011988527,0.0003860635,0.0020623684,-0.00026302575,-0.00049333065,-6.589652e-05,-4.081065e-05,6.964875e-05,0.00012331054,0.000526756,0.0015449346,-0.00010323414,-0.0006601034,-1.6827677e-05,0.00024184692,0.00031499765,-0.00011746868,0.0005526405,0.0033425181,3.591651e-06,0.00083547755,-0.00020438342,1.9568355e-05,-0.00063015847,-4.2163072e-05,3.250794e-05,-0.00013293956,1.8336095e-05,-0.0006556206,0.0008123397,0.0001773132,0.0033101721,0.00025888474,-0.00014202257,0.00022432976,0.00022554437,-0.013331862,-9.961765e-05,-0.00070447,0.0003707114,0.00057489926,0.0007251473,0.0035864164,3.938441e-05
BT*BV,-0.004135096334763143,0.051943034,0.9365487982203794,-2.3084006e-06,-0.00038612203,-2.9857189e-05,4.7811036e-06,-2.8003748e-05,-3.0051597e-06,-1.0361038e-05,2.668434e-05,4.958024e-06,7.267472e-05,-0.02086188,-7.766601e-05,4.29623e-06,6.263405e-05,-4.744555e-06,1.1455212e-06,-0.012144696,7.624452e-05,0.0009688314,-0.00014374337,0.00012463747,0.00018908165,-0.0002676515,0.0026980788,0.00084991124,2.9964674e-05,1.7699127e-05,-0.00020779607,-2.7461751e-06,0.00012908492,-9.41201e-05,0.0001513339,-2.0299016e-05,-4.825532e-06,-2.2792776e-05,-9.4573725e-06,-1.4561082e-05,-2.0491094e-05,-3.5428966e-05,1.5368649e-05,-1.5622783e-05,-6.2170657e-06,-2.7101627e-05,0.0005683644,2.0491294e-05,4.1727006e-05,0.00020012789,5.247016e-05,3.7356775e-05,1.0310392e-05,-1.256562e-06,2.4527495e-05,-1.1528294e-06,2.62343e-06,2.3283048e-05,-1.2334408e-05,-0.00012814508,-4.257563e-06,-2.0964453e-05,0.00022832122,1.4115432e-05,2.4757552e-05,1.908215e-05,1.7151317e-05,-0.0002658799,9.288829e-05,-2.8738425e-05,-1.0363979e-06,-4.7848225e-05,-3.7348673e-06,-6.1054205e-05,-7.4897166e-06
BU*CA,0.8808077027515672,4.4585023,0.843391792052449,-0.00011217132,0.002416023,-0.015528696,0.0005451147,0.008506881,-0.0002487262,0.00031958605,0.0053465073,0.00024501863,-0.00021837548,-12.564655,-0.0028934937,0.0014149321,0.0023001789,0.0016432048,0.0018085917,0.18573917,-0.002202042,0.01552162,0.001552128,-0.0015578466,-0.000637832,-0.057241756,0.00084991124,19.878242,0.0027891037,0.010565324,0.05052882,0.03329928,0.016315684,0.0161008,0.014001889,0.016267013,-0.0020585556,0.001782763,-0.0010969014,-0.0029847093,0.009172318,-0.008860975,5.626767e-05,0.009608643,-0.006642267,0.0046671904,-0.108642966,-0.013181701,-0.008331241,-0.040445827,-0.009645904,0.0071868044,-0.00021650363,-0.000960017,-0.0039108354,0.0028980963,0.002562394,0.0010879837,0.00043097415,0.0171857,-0.0012828376,0.0003896015,-0.0171586,0.0033676312,0.0019383088,-0.0007653706,-0.0007712666,0.28981936,-0.0050855833,0.017614346,-0.012795026,-0.030892685,0.034324918,-0.049598537,-0.0034103727
BU*BT,-0.5820867550803847,0.034167703,4.428068213397286e-65,-9.1479404e-07,0.00020858432,-0.00046086835,-9.024646e-06,-0.0001740137,-1.3776064e-05,-3.5609934e-05,-0.00016515626,2.1118967e-06,0.00011073162,0.017574536,-9.186915e-06,-3.7193517e-05,6.9808186e-05,-0.00010659321,1.5736543e-05,0.0077241594,-0.00015756524,0.00016824881,1.609329e-05,-2.0372589e-05,-0.00011727523,-0.00050595077,2.9964674e-05,0.0027891037,0.001167432,0.0005166913,-0.0028714607,0.0003824031,0.00034663788,-0.00019239253,0.0008227046,-0.0002602186,0.00012879181,-0.0001437125,1.7007305e-05,2.202477e-06,-5.8339632e-05,8.638406e-05,-1.5341071e-05,0.00026039686,0.00065260014,-0.00027019248,0.00031843298,0.00025121728,0.00016475677,0.00062628876,9.3047696e-05,0.0003848019,0.00020721431,-5.355262e-05,-0.00040926426,-6.708406e-06,-0.00020119299,5.7230893e-05,2.7518567e-05,-0.0001305734,0.00025135395,-0.00017063598,-0.00024683762,-2.7955923e-05,0.00012755372,7.802046e-05,3.5786685e-05,-0.0013368235,0.0007717115,-0.0006646943,-0.0003917007,0.00026948398,0.000294692,0.00049813266,9.768866e-05
BU*BU,-0.9866602482588446,0.035395395,5.305266341043384e-171,-1.3846328e-06,-1.5362495e-05,-0.00050914055,-7.286619e-07,-0.00019000797,-5.0241083e-06,-3.7671656e-05,-0.00023443312,3.1198265e-06,1.0513934e-05,0.015041671,1.8327024e-05,-3.4040986e-05,-2.7358037e-05,3.2474214e-05,-1.551851e-05,-0.0030023174,1.561559e-05,0.0001352238,-2.5374322e-05,1.3286236e-05,-8.324577e-06,-4.9382586e-05,1.7699127e-05,0.010565324,0.0005166913,0.001252834,-0.0018573331,0.0002300634,-0.000206011,-0.00040592893,0.0008845516,8.151675e-06,-6.8951886e-06,-3.740468e-06,1.5989871e-06,-4.3454875e-05,-4.7659672e-05,-2.0964779e-05,7.968705e-06,0.0004647825,0.00014263613,0.00020356929,0.00051791343,0.0002897545,0.00032559043,0.0008139292,5.046319e-05,-9.8780816e-05,1.0785907e-05,3.1734185e-06,-0.00020245566,-4.23914e-06,3.152127e-05,0.000106823,-2.7259912e-05,0.00029111287,2.6862292e-05,4.1945845e-05,-4.2335273e-06,-2.8972846e-07,1.4684858e-05,7.802835e-05,2.1795753e-05,9.960488e-06,0.00020362252,3.4842727e-05,0.00027959867,0.00015867304,0.0003029924,0.00038253734,0.00018846162
BU*CS,-0.7135355416956465,0.35245508,0.04292158039504249,3.665275e-07,-0.00054577994,0.00019660292,0.00027954057,0.0003272641,6.696381e-05,-0.00011037608,-0.0021374875,2.3287316e-06,7.5668526e-05,0.07598051,0.0033348629,1.7706643e-05,-0.0015500014,0.00014318056,-0.00036576352,-0.011492785,0.0004489378,0.0027074066,0.00094931916,-0.00020857943,-0.00038757452,-0.0004123969,-0.00020779607,0.05052882,-0.0028714607,-0.0018573331,0.12422458,0.004244234,-0.011011027,0.0042941193,-0.00990319,0.002818417,-0.00030648842,0.0035343214,-0.00056890416,-0.0004972628,-0.0032946947,-0.0017427194,0.00024034837,-0.002908871,-0.0010903812,0.00320831,0.02389967,-0.00082003337,-0.004535639,-0.0031259856,-0.0012034567,-0.006860037,-0.0005658826,0.0004599324,0.0070020985,-9.3176386e-05,0.0006970603,0.000372422,-0.00097351556,-0.0019428015,-0.00036091616,0.0017034159,0.01716543,0.00022387957,-0.003081006,0.00010858567,-0.00028964065,0.034715477,0.00056646747,0.008049146,0.013027135,-0.00061798975,-0.0029201796,-0.005766075,0.002153106
BU*CD,-0.4757292975976109,0.061020646,6.379812202160078e-15,-7.1580666e-06,-7.280555e-05,-0.00056725123,-1.4551919e-05,0.0003053807,7.9755555e-06,-5.152063e-05,-0.00043098457,1.5842983e-05,1.6372274e-05,0.057865907,-6.936422e-05,0.00025153265,0.00011523959,-0.0001179335,-2.2711945e-05,-0.0045931377,6.895368e-05,0.0002091627,-8.455788e-06,0.000103213635,-5.946734e-05,0.00011988527,-2.7461751e-06,0.03329928,0.0003824031,0.0002300634,0.004244234,0.0037235192,-0.0010315222,0.0014860459,4.2438598e-05,-0.00032020497,1.9000894e-05,-6.1718956e-06,2.923119e-05,0.00039429855,-0.00048816038,0.00019606463,-1.0755186e-05,-0.00019197499,-0.00030111434,0.00069055584,-0.0025684885,0.00032738724,-0.0017026425,-0.003392204,0.00010361391,-0.00018575028,-4.2961175e-05,1.445246e-06,5.0548635e-05,1.3901679e-05,-1.9278563e-05,-1.7227618e-06,7.957279e-07,0.00079584046,4.98768e-05,0.00021596528,-0.00043698776,0.00071634096,-0.0005890119,4.7524623e-05,8.4761916e-05,-0.0025277198,0.0003643757,-0.0001013696,-0.000212484,0.0021374293,0.0009520795,0.00092269067,0.00022133173
BU*DP,-0.9022251677995422,0.17071335,1.2568419607760428e-07,-2.3104481e-05,-0.00016808006,-0.0007085629,-3.8566242e-05,-0.00089825,2.5536045e-05,-7.132577e-05,-0.00046642992,4.6488163e-05,8.68498e-05,-0.06558549,-0.0026634997,-0.00010957054,0.0029218849,-0.00047400122,0.0002569281,-0.027488925,0.00024602583,-0.00029889157,-0.00023135458,-3.749385e-05,0.0009702175,0.0003860635,0.00012908492,0.016315684,0.00034663788,-0.000206011,-0.011011027,-0.0010315222,0.02914305,-0.002617096,0.0014391994,-0.0007420887,-0.00018837163,8.877222e-05,7.767756e-05,8.524729e-05,0.0071090935,-0.00039235927,-1.1600012e-05,-0.00460012,2.9015779e-05,1.1933253e-05,0.011854158,0.0009579608,0.02271024,0.00042524363,0.00057086075,-0.0022623069,-5.6082416e-05,0.00027707522,0.00075539935,0.00024310492,0.0050396663,5.8926496e-05,0.0006023368,-0.0053702462,-0.00029371725,-0.00035344466,0.001508648,-0.00065636536,0.00852887,2.3112387e-05,-7.137626e-05,0.00276188,-0.00020158887,0.00032402156,-0.000952852,0.00013927676,0.025616987,-0.002986774,0.0002715055
BU*CH,-0.07140784128096997,0.08819498,0.41813631235487847,9.084433e-06,-0.00011903156,-0.00013926374,-3.8830975e-05,2.873405e-05,2.3280407e-05,-0.000108705884,-0.0005364361,-1.9898102e-05,-6.2210245e-05,0.028287938,-6.787361e-05,-5.2504252e-05,-0.00039724374,0.0005011344,-3.5007186e-05,-0.015844226,8.7039785e-05,0.00024302964,6.173182e-05,5.8716905e-05,-0.00012212663,0.0020623684,-9.41201e-05,0.0161008,-0.00019239253,-0.00040592893,0.0042941193,0.0014860459,-0.002617096,0.007778355,-0.0018391272,-0.00089629943,4.54797e-05,5.9094265e-05,7.679464e-05,0.0001804054,-0.0008824024,0.0014365114,-0.000109559645,0.00029360168,-9.3123206e-05,0.0007761917,0.0004663206,-0.00014458952,-0.0024817947,0.0033559839,-0.00038812176,-0.0006265317,-8.2816136e-05,0.00010319144,-3.4944183e-05,-0.00010531609,-0.00046537153,0.00094055844,-0.00016000669,0.0011177392,0.00011247601,0.00058096426,0.003020526,0.0004948351,-0.0004481479,0.00030199182,5.004575e-05,-0.019829858,0.0004177142,-0.0007632957,-0.00041731546,0.0008954623,-0.0017771395,0.0064787366,0.00033345513
BU*BV,-0.6997835620127343,0.071654335,1.5739102215713124e-22,1.049631e-06,6.8101624e-05,-0.00065789657,2.651041e-05,-0.00019803493,1.0322944e-05,-3.5758214e-05,0.00023067246,-2.3908065e-06,1.618499e-05,0.039645378,0.000112881244,-4.0103445e-05,-7.662066e-05,2.3445002e-05,3.509391e-05,-0.0061673345,-4.9121478e-05,-0.00024258149,-0.00017202372,3.155367e-05,1.7714356e-05,-0.00026302575,0.0001513339,0.014001889,0.0008227046,0.0008845516,-0.00990319,4.2438598e-05,0.0014391994,-0.0018391272,0.005134344,-0.0006092503,-5.1853873e-05,-0.00032159165,-5.310761e-05,-4.1389826e-06,0.0005693635,-8.1624334e-05,0.00014542857,-0.0010991,0.0001270469,-0.0007634124,0.0033527643,0.0002633943,0.0016511236,0.00087858347,0.00079182617,-0.00027120026,2.2659859e-05,-9.4742485e-05,-0.0003293021,9.396271e-06,-0.0002717121,9.809978e-05,0.00035683572,-0.0016424721,-1.4216849e-05,-0.00040518874,0.0018371163,-2.542214e-05,0.00081551925,0.0001074602,0.00016083808,0.00017471821,-0.00035200245,0.0044510015,0.00028915194,0.00017998161,0.00053686,-2.81573e-06,-0.00020519344
CS*CA,-0.1753325956937754,0.29447234,0.5515675780242775,7.967723e-06,-0.0001467243,5.2185274e-05,-0.00022685305,2.6584625e-05,1.1172728e-05,5.3549255e-05,4.7527297e-05,-1.543407e-05,3.1092513e-05,0.012735134,0.0001766799,0.00020061262,0.0015026856,-1.1531568e-05,0.000105109204,0.028021043,2.0528205e-05,0.00057076296,6.779144e-05,-1.1872318e-05,-0.00054671586,-0.00049333065,-2.0299016e-05,0.016267013,-0.0002602186,8.151675e-06,0.002818417,-0.00032020497,-0.0007420887,-0.00089629943,-0.0006092503,0.086713955,-0.00025860497,0.0034052653,0.00045080288,-0.0017234541,-0.007257299,-0.008174776,-1.0187404e-05,0.046433415,-0.00038848625,0.0003145837,-0.015991801,-0.00020884087,-0.004011663,-0.004449233,0.00018031771,0.0065708486,-0.00024061039,1.989074e-06,-0.00013384165,-9.374009e-05,-0.00042099674,0.00039257333,-0.00016684829,0.03211049,-0.00012862308,0.0001266944,-0.008497623,-0.00072549464,-0.0026711363,-0.00036135258,-0.0005211474,0.0035368947,-0.00018966985,-0.0010214342,6.4142296e-05,-0.00015493367,-7.2875264e-07,0.00034022523,-4.0765444e-05
CS*BT,-0.1016199161321148,0.016185153,3.416606804880287e-10,3.6642676e-09,5.867588e-05,-5.029819e-06,-0.00010670024,-1.09424855e-05,-2.963055e-06,-8.463888e-06,-6.4404244e-06,6.312701e-08,2.4433806e-05,-0.0025603634,0.00010155185,-9.556374e-06,-1.3089075e-05,-4.3746193e-05,1.2273299e-05,0.002887116,-3.5236615e-05,-2.791009e-05,0.00016334777,-2.3829987e-05,-1.1883477e-05,-6.589652e-05,-4.825532e-06,-0.0020585556,0.00012879181,-6.8951886e-06,-0.00030648842,1.9000894e-05,-0.00018837163,4.54797e-05,-5.1853873e-05,-0.00025860497,0.0002619592,1.5703374e-05,0.0002156705,0.00022355864,0.00033293787,0.00043733683,-3.792981e-06,-0.00020370891,0.00023536592,-3.038261e-05,-0.0008375513,-6.7218725e-06,-0.00014549891,0.00014753318,-6.0776925e-05,5.2161668e-05,6.748391e-05,-1.3500759e-05,-9.256353e-06,8.372246e-06,-8.649101e-05,3.8269332e-05,-2.3738106e-05,-9.426862e-05,0.00012261643,-2.4383484e-05,-0.00027162238,1.3767588e-05,-6.6501256e-05,1.36922545e-05,-1.9902107e-05,0.0004719625,0.00010927603,-4.466866e-05,-2.6968948e-05,-3.3387958e-05,-0.00017310459,-3.9316754e-05,6.7003507e-06
CS*BU,-0.14597887322508515,0.044383332,0.0010052717230268934,-1.2033324e-06,-2.6477373e-05,8.8802895e-05,-0.00012949988,-2.6704698e-05,2.4095838e-05,-2.680392e-05,7.559815e-06,2.628593e-06,4.4369708e-07,0.014766118,0.000113937844,-1.7963343e-05,-0.00015432367,-1.1943136e-05,6.7230308e-06,-0.0017711495,-1.5956027e-06,0.00033356927,-5.5382065e-05,2.2395184e-06,-0.000108461434,-4.081065e-05,-2.2792776e-05,0.001782763,-0.0001437125,-3.740468e-06,0.0035343214,-6.1718956e-06,8.877222e-05,5.9094265e-05,-0.00032159165,0.0034052653,1.5703374e-05,0.0019698802,0.00026282284,0.00021875548,-0.0026140425,-0.00047453216,0.00010476126,9.073072e-06,-2.5921036e-05,0.0009441429,0.0007098416,-4.8700753e-05,-0.0010459508,-0.00046684837,6.9594455e-05,-0.00060268084,-9.482417e-05,9.5701194e-05,0.00012903461,-2.6014373e-05,3.6132307e-05,3.466435e-06,-6.307522e-05,-0.0015660998,-3.07097e-05,0.00062615785,0.000820019,-3.6165962e-05,-0.00078717084,4.934277e-05,-1.7774937e-05,0.00035175614,-4.444101e-05,0.00040208557,7.9796344e-05,-4.8693688e-05,0.0002771269,-0.00021146532,-6.7487913e-06
CS*CS,-0.2590072199155137,0.023198843,6.072233651497038e-29,-3.2810078e-07,3.9130887e-06,-8.087981e-06,-0.0002088655,-3.7137248e-05,-3.3289607e-06,-1.7004817e-05,-9.180323e-06,6.978155e-07,-9.3381703e-07,-0.0005003055,-1.9021529e-06,-4.1876597e-06,-8.351872e-06,-2.415198e-07,-4.5695206e-06,-0.00063345156,-5.107037e-06,-2.662089e-05,-2.3087934e-05,3.935358e-06,2.3946406e-05,6.964875e-05,-9.4573725e-06,-0.0010969014,1.7007305e-05,1.5989871e-06,-0.00056890416,2.923119e-05,7.767756e-05,7.679464e-05,-5.310761e-05,0.00045080288,0.0002156705,0.00026282284,0.00053818634,0.00042086974,0.00084275997,0.0005877043,6.5431734e-05,-0.00010357391,7.033465e-05,5.7554276e-05,-0.0015293007,3.9474286e-05,0.0002389394,4.390747e-05,-2.1453194e-05,1.3657893e-05,1.5551272e-05,-3.7169764e-06,-3.860243e-05,8.43837e-06,1.5827856e-05,4.8966762e-05,-2.7806776e-05,-0.00022971981,3.2077918e-05,2.5466246e-05,-0.0007152564,1.0119089e-05,0.00013477143,2.6781807e-05,-9.592712e-06,0.00018781968,1.1825947e-05,-1.9578893e-05,-8.500447e-06,-2.0664449e-05,-5.3684427e-05,-2.6398784e-05,6.6156085e-06
CS*CD,-0.3456105475796178,0.046516344,1.0870165055500157e-13,3.6856911e-06,1.910452e-05,1.2903959e-05,-0.00020466493,0.00013145717,1.4902484e-05,-1.2341685e-06,1.4075003e-05,-8.087471e-06,-1.6706148e-05,-0.0022309783,0.00029703154,0.00022442684,-0.00017865078,3.340384e-05,-5.735962e-06,-0.0018084772,-8.739462e-06,-8.438242e-05,-7.102136e-05,2.5319474e-05,1.85798e-05,0.00012331054,-1.4561082e-05,-0.0029847093,2.202477e-06,-4.3454875e-05,-0.0004972628,0.00039429855,8.524729e-05,0.0001804054,-4.1389826e-06,-0.0017234541,0.00022355864,0.00021875548,0.00042086974,0.0021637701,0.0007477925,0.0013004139,-7.376558e-06,-0.0012284575,-0.00021746065,-0.00031367817,0.02320015,0.00039707907,-0.0011094386,-0.0009771872,-0.00027908047,-0.00033529595,-3.1549014e-06,-1.8849876e-05,6.764426e-05,6.57082e-05,-0.00011407306,0.00010506072,-4.6883702e-05,-0.002887913,-5.971849e-05,-0.00016247958,0.0033562446,0.00056562695,0.000813705,-3.802177e-05,-6.526328e-05,0.0012478255,-3.3971173e-06,0.00021822845,-2.2853146e-06,0.0002012792,-0.00013929978,-0.0001582926,-1.0727955e-05
