Param name,Param value,Param stdv,Param p-value,CA,BT,BU,CS,CD,DP,CH,BV,CA*CA,CA*BT,CA*BU,CA*CS,CA*CD,CA*DP,CA*CH,CA*BV,BT*CA,BT*BT,BT*BU,BT*CS,BT*CD,BT*DP,BT*CH,BT*BV,BU*CA,BU*BT,BU*BU,BU*CS,BU*CD,BU*DP,BU*CH,BU*BV,CS*CA,CS*BT,CS*BU,CS*CS,CS*CD,CS*DP,CS*CH,CS*BV,CD*CA,CD*BT,CD*BU,CD*CS,CD*CD,CD*DP,CD*CH,CD*BV,DP*CA,DP*BT,DP*BU,DP*CS,DP*CD,DP*DP,DP*CH,DP*BV,CH*CA,CH*BT,CH*BU,CH*CS,CH*CD,CH*DP,CH*CH,CH*BV,BV*CA,BV*BT,BV*BU,BV*CS,BV*CD,BV*DP,BV*CH,BV*BV
CA,0.2555527651393574,0.009487306,8.258727938459149e-160,9.0008965e-05,1.5910971e-06,1.0178193e-06,1.294886e-07,4.065731e-06,6.257394e-07,7.185416e-07,1.6367609e-06,-0.00020065892,-6.589059e-05,-0.0039505567,-0.00034390032,-0.00018184027,-0.00034860955,-9.235188e-05,-8.1024395e-05,-0.008261648,-6.372295e-07,-2.257423e-06,9.341549e-06,2.2268655e-06,8.626145e-06,-1.5256648e-05,-6.022162e-07,0.00089206506,-2.3470002e-06,-1.0579519e-06,1.0013152e-06,-2.9117705e-06,1.5285914e-06,4.6016294e-06,3.620498e-07,-1.2802951e-06,-8.2838176e-07,-6.740226e-08,-2.6384592e-07,2.808475e-06,5.06783e-06,7.0153383e-06,3.7197797e-08,6.472723e-05,-6.648262e-06,-8.687224e-06,0.000101078534,-8.470114e-06,-1.0044395e-06,2.4320829e-05,-5.336369e-06,-0.00024178239,-1.5196418e-06,-3.956898e-07,6.2731474e-06,1.7531273e-06,-3.1918673e-06,1.7829923e-06,-4.4796348e-08,0.00020623788,-1.0217577e-06,-3.3470074e-06,5.2320218e-05,1.4078039e-06,9.823269e-06,-1.4079874e-06,-1.8350801e-06,2.0798325e-05,-3.8467665e-06,-1.0010846e-06,-5.233343e-06,-4.060581e-06,9.235655e-06,5.5262226e-06,-1.2322046e-06
BT,0.7618934082927871,0.032463327,8.387400948458923e-122,1.5910971e-06,0.0010538676,2.7807311e-05,-2.065514e-06,3.985229e-06,-7.1697195e-06,1.9082405e-05,0.00010692841,-3.4259585e-06,0.000106547006,-0.31262025,9.550365e-05,-4.4467506e-06,-4.8112728e-05,-1.3394021e-05,1.9856338e-05,-0.0122750895,-0.0008897428,-0.0020701243,-0.00017675203,-0.00032955286,-0.00037851915,-0.00021231006,-0.00048815727,-0.024614291,0.00022463335,-7.4905125e-07,-0.00060854515,-5.496657e-05,-0.00019989723,-0.00013848218,0.00010431264,-7.38827e-05,5.9025453e-05,-2.5000525e-05,3.9342012e-06,1.5806008e-05,6.507009e-05,2.3182301e-05,-3.045688e-06,-3.2123386e-05,0.00027633668,-3.6897534e-05,-9.419332e-05,7.682343e-06,-7.071693e-05,0.00019052892,9.7357615e-06,1.3617406e-05,7.777568e-05,-9.48509e-07,-8.024642e-05,6.1559517e-06,1.4924526e-05,2.9099823e-05,-7.711992e-06,-6.56045e-05,6.94411e-05,-4.1976302e-05,-0.00022717305,-1.8070335e-05,-3.086095e-05,-3.6819638e-05,-6.0779973e-07,4.519103e-05,0.0002643449,-6.0553994e-05,-0.00043476833,-0.00010530873,-0.00031061185,-0.00010860898,-8.356918e-05
BU,0.7354480651580544,0.023191039,1.041654149069183e-220,1.0178193e-06,2.7807311e-05,0.00053782423,4.6558216e-06,0.00020517594,2.25381e-05,4.229349e-05,0.00030862397,-2.2621948e-06,-2.0069187e-05,0.56265247,2.7527516e-05,3.3053315e-05,-8.000008e-06,-8.648545e-06,1.20661025e-05,0.007068137,-3.0492918e-05,-0.00021031931,4.8294256e-05,-2.138583e-05,-2.3303974e-06,0.00011151656,-4.053365e-05,-0.09027025,-0.00050488475,-0.00059379253,-6.155849e-05,-0.00067811855,-0.00071561185,-0.00030974258,-0.00070309057,2.7752356e-05,-5.4620996e-06,9.0342684e-05,-9.616125e-06,1.8039305e-05,-7.3959665e-05,-2.204624e-06,-1.0953771e-05,-0.00017009556,-0.00017275802,6.3148436e-05,-0.0009372627,-0.00033109536,-0.00069146,-0.0005184892,-0.00010113308,4.3518787e-05,-3.2860808e-05,3.3768916e-05,8.8720226e-05,-1.1103987e-06,-0.00016449133,-9.85322e-05,-1.6997432e-05,5.098135e-05,-4.0118393e-05,9.20894e-05,-0.0002690763,2.1836775e-05,-0.00024003052,-8.6541535e-05,-2.92978e-05,0.00082557386,-0.0002725429,5.836779e-05,-0.00021043666,-0.00033593545,-0.0009917518,-0.0004987306,-0.000261374
CS,0.26443122036360367,0.010191909,2.0593165383406893e-148,1.294886e-07,-2.065514e-06,4.6558216e-06,0.00010387501,1.9359828e-05,1.9053408e-06,9.076428e-06,6.4627257e-06,-2.6134035e-07,1.1986139e-06,-0.01646265,2.9034769e-05,1.4502884e-06,1.2390312e-05,1.3594303e-06,6.304312e-07,0.00047466313,2.4011479e-06,1.250569e-05,1.3759695e-05,-2.0353182e-06,-1.3031472e-05,-4.2538126e-05,5.7432e-06,0.0021151027,-9.669647e-06,-6.4746285e-07,0.00025198603,-1.5808564e-05,-3.7906742e-05,-5.0551356e-05,2.9052477e-05,-0.00012284533,-0.00010947483,-0.00012699408,-0.00021529084,-0.00021415549,-0.00043606266,-0.00031208422,-3.483487e-05,5.709923e-05,-3.7482605e-05,-3.128469e-05,0.00070369896,-1.9420802e-05,-0.00011782884,-3.24203e-05,7.1376744e-06,4.531707e-06,-8.475232e-06,1.1277549e-06,2.3563829e-05,-5.7976986e-06,-3.6059407e-06,-2.7208136e-05,1.3063299e-05,0.0001227538,-1.8157505e-05,-1.5154475e-05,0.00033860726,-6.098177e-06,-6.810057e-05,-1.4234313e-05,4.7930266e-06,-6.1852297e-06,-7.778381e-06,1.2657969e-05,9.609386e-06,5.6587837e-06,2.756721e-05,-7.5304874e-06,-4.815325e-06
CD,0.777820464693275,0.043114953,9.348970010990017e-73,4.065731e-06,3.985229e-06,0.00020517594,1.9359828e-05,0.0018588991,2.4532594e-05,9.374818e-05,0.00019732253,-9.304236e-06,-1.5658181e-05,-0.23009636,-0.000106420426,0.00032263613,8.8939494e-05,-9.544165e-06,-1.0262035e-05,0.009636514,-9.5409205e-06,1.2144235e-05,3.0589825e-05,-3.1966745e-05,-2.3376764e-05,-6.173165e-05,-3.1655207e-05,0.042695817,-0.00019741862,-0.00022425354,0.00029578444,0.00030926234,-0.0010018914,-1.238333e-06,-0.00020916724,6.0419665e-05,-1.2470652e-05,-2.8081868e-05,-3.9960072e-05,0.00012804529,2.914044e-05,1.5075611e-05,-3.904251e-05,-0.0018661395,-0.0015226785,-0.001426926,-0.012956707,-0.0028755013,-0.003911806,-0.009430935,-0.0008485185,0.00025571827,-3.6025707e-05,-4.210076e-06,2.3349743e-05,1.5930158e-06,-0.00019180871,-5.6413315e-05,-1.9017518e-05,-0.00019333171,-5.675748e-05,-0.000103820275,-0.00030507735,0.0005425525,1.9446568e-05,-0.00019756818,-6.84396e-05,0.0013173551,-0.00015501745,0.00017302002,-0.00028825365,0.00022282935,-0.0010929286,-0.00023673453,-0.00018207732
DP,0.2977131360476488,0.014427178,1.315654988281957e-94,6.257394e-07,-7.1697195e-06,2.25381e-05,1.9053408e-06,2.4532594e-05,0.00020814346,4.2551874e-06,3.5285368e-05,-1.3032623e-06,-2.7312458e-06,0.006588317,5.0961593e-05,4.651012e-06,0.00012371095,1.342551e-05,6.3161897e-06,-0.00031797364,6.498294e-06,-2.1664118e-06,1.7614839e-05,5.8112755e-06,-1.6430748e-05,2.454899e-05,-3.995487e-06,-0.0035116004,-1.3446635e-05,-6.5206573e-06,5.0452178e-05,1.0510834e-05,1.2948081e-05,1.9496892e-05,1.1654188e-05,2.4841486e-06,-3.4085165e-06,2.3272278e-05,-3.885477e-06,1.4273023e-05,0.00021206257,-6.5824247e-07,2.2386039e-06,-5.4313157e-05,-1.8212058e-05,2.3181796e-05,8.056602e-05,-1.7770773e-05,0.000493908,1.7340115e-05,5.7469388e-06,0.0007402774,-0.00015288539,-5.001757e-05,-7.7143355e-05,-9.1479254e-05,-0.0013306597,-0.00024403133,-8.656667e-05,-6.869616e-05,-2.7323542e-06,1.996432e-05,3.468386e-05,2.0905916e-05,0.00011965721,-5.02321e-06,4.45564e-06,8.134107e-05,-2.7924096e-05,0.0001302046,-6.780405e-05,-1.0216774e-05,0.00042282187,-6.779449e-05,-1.6755392e-05
CH,0.47422938125785385,0.012486419,0.0,7.185416e-07,1.9082405e-05,4.229349e-05,9.076428e-06,9.374818e-05,4.2551874e-06,0.00015591065,1.9023499e-05,-1.6431993e-06,-1.4878042e-05,0.010796292,-3.1473577e-05,1.5186978e-05,-1.737612e-07,-3.1414336e-05,-1.038714e-05,0.00398903,-1.9027619e-05,4.239176e-05,-1.0678966e-05,-1.060564e-05,-1.0787258e-05,-7.136645e-05,-7.5941407e-06,0.006050834,-3.7897105e-05,-3.9811424e-05,-0.00013484317,-6.941321e-05,-7.517557e-05,-0.0001416799,-2.6142785e-05,5.477372e-05,-8.36644e-06,-3.18531e-05,-1.864812e-05,-2.561868e-06,5.9192593e-05,-0.00014896295,-8.4875255e-06,-0.00035119982,-8.000795e-05,-0.00017978057,-0.00045100346,-0.000118840944,2.3039574e-05,-0.00012124866,-7.529156e-05,1.6722799e-05,-3.035883e-06,-5.138376e-06,8.226729e-06,1.3144505e-07,-1.9124127e-05,-4.0930936e-05,-1.2978342e-06,-0.0008637057,-0.00012675168,-0.00022317386,-0.001013623,-0.0003339754,-7.229133e-05,-0.00027575518,-0.0001192326,0.00017481613,-6.8702266e-06,5.650599e-05,-4.0979223e-05,-2.6987685e-05,-0.00012993271,-8.924867e-05,-5.851752e-06
BV,0.8998561917780428,0.033820506,5.6599578627874e-156,1.6367609e-06,0.00010692841,0.00030862397,6.4627257e-06,0.00019732253,3.5285368e-05,1.9023499e-05,0.0011438265,-3.6725814e-06,-1.8794348e-05,-0.12262815,-7.0698275e-06,2.9374409e-05,3.671142e-05,-6.2902004e-06,0.00013967206,0.011345975,-0.00010194794,-0.00020067644,-5.7413392e-05,-3.583037e-05,-1.2760338e-05,-0.00026802503,5.5518893e-05,0.047233254,-0.00018201055,-0.00027120468,-0.0026025216,-0.0005335276,-0.0005034264,-0.00088901946,0.00038742827,5.439041e-05,-6.063433e-06,-9.3230864e-07,-1.3166293e-05,1.6599604e-05,2.9468212e-05,-8.337318e-05,1.4840453e-05,-4.6683308e-05,-0.00012473624,-0.00016913966,-0.001216712,-0.00031499224,-0.0003831857,-0.00081329874,6.806426e-05,0.00070866814,-1.0060529e-05,-3.6289894e-05,-0.00013675216,1.5939046e-05,-0.00045217414,-5.0877385e-05,6.145325e-05,0.00013741462,-1.4940251e-05,-3.085819e-05,-0.00023690985,4.7664827e-05,-6.3720654e-05,-3.321355e-05,-2.5944737e-05,-0.0032262474,-0.0010410093,-0.0020380374,0.0003128071,-0.0009457589,-0.0011981863,-0.00043435403,-0.0011845165
CA*CA,-0.2831653297439201,0.023148037,2.0765328946719697e-34,-0.00020065892,-3.4259585e-06,-2.2621948e-06,-2.6134035e-07,-9.304236e-06,-1.3032623e-06,-1.6431993e-06,-3.6725814e-06,0.0005358316,0.00014871503,0.008890753,0.00072678615,0.00040235542,0.00074166426,0.00019815347,0.00018401636,0.018257625,1.276906e-06,4.91182e-06,-2.0759942e-05,-4.909169e-06,-1.8807465e-05,3.430836e-05,1.1782142e-06,-0.001988463,5.304523e-06,2.3814207e-06,-1.6169581e-06,6.528161e-06,-4.623225e-06,-9.986202e-06,-9.0339825e-07,4.7628555e-06,1.8325817e-06,7.472118e-08,5.3314767e-07,-6.225058e-06,-1.11577865e-05,-1.5470094e-05,-1.6074586e-07,-0.00014162369,1.5045113e-05,2.0048523e-05,-0.00021901996,1.9374404e-05,-2.9671528e-06,-5.4437965e-05,1.2056551e-05,0.00054973876,3.2550442e-06,7.329013e-07,-1.2396311e-05,-3.9143115e-06,6.4300466e-06,-3.707009e-06,-2.2025608e-07,-0.00045704114,2.3357627e-06,7.739116e-06,-0.0001163607,-3.33585e-06,-2.3358167e-05,3.2640544e-06,4.194524e-06,-4.461321e-05,8.738547e-06,2.165542e-06,1.2052562e-05,9.077296e-06,-2.1991684e-05,-1.1982151e-05,2.775398e-06
CA*BT,-0.25531245382128276,0.03267206,5.522656350483972e-15,-6.589059e-05,0.000106547006,-2.0069187e-05,1.1986139e-06,-1.5658181e-05,-2.7312458e-06,-1.4878042e-05,-1.8794348e-05,0.00014871503,0.0010674634,-0.020619307,-0.003082607,0.0001845115,0.0011664585,-0.00019279741,9.559023e-05,-0.079416595,-0.00017514761,0.0003669109,-0.0005956464,-2.5012732e-05,-0.00032974797,-0.00042745585,7.3403644e-05,-0.0034669482,7.305627e-05,1.8650278e-05,0.00017989831,1.1477972e-05,8.662257e-06,-1.1652313e-05,3.2925283e-05,-3.656231e-05,1.4671195e-05,2.856018e-06,-2.5960221e-06,-1.8818104e-05,-5.194821e-05,7.585139e-05,1.5129225e-05,-0.00020351374,9.196046e-05,-5.0970502e-05,-0.0004344534,2.2341103e-05,0.0002933942,3.701872e-05,2.021553e-05,0.00028779212,6.3929538e-06,1.051506e-05,0.00010435847,2.8912918e-06,-2.2150924e-05,-3.8442322e-05,1.3167897e-05,-0.0004791204,5.300802e-05,-3.6932786e-05,0.001040923,3.272813e-05,-6.944549e-05,3.4340606e-05,-9.396939e-06,-0.00039855586,7.251263e-05,1.8529456e-05,0.00017463289,1.3423945e-05,0.00016039755,-3.815605e-05,8.958327e-06
CA*BU,-105.0267150532928,203.81552,0.6063414211378452,-0.0039505567,-0.31262025,0.56265247,-0.01646265,-0.23009636,0.006588317,0.010796292,-0.12262815,0.008890753,-0.020619307,41540.77,0.18099199,-0.026050141,-0.025669558,-0.061980482,-0.0007336186,7.0149527,0.3123925,-0.61788034,0.13230371,0.11221687,0.14322406,1.808802,-0.05751134,1178.6129,-0.05697649,-0.39232945,-1.6512551,-0.91825074,-1.099854,-0.7687309,-0.12044634,-0.18638875,0.06737004,-0.015298281,0.032977328,0.092989005,-0.2907065,0.23307492,0.00084378617,0.03147934,0.28090474,-0.06930241,3.156485,0.32509014,0.06172219,1.6874212,0.35808194,-0.16331932,0.030892108,0.01259588,0.025951186,-0.10329339,-0.07669221,-0.07925673,0.008996431,-0.22896166,0.07302223,0.020135093,0.22565126,-0.07358145,-0.24943207,-0.018141933,0.03403319,-0.44910157,0.22380903,0.75193274,-0.18073869,0.81036884,-1.6055231,0.6786918,0.023315595
CA*CS,-0.18056753377719748,0.3027386,0.5508766505142887,-0.00034390032,9.550365e-05,2.7527516e-05,2.9034769e-05,-0.000106420426,5.0961593e-05,-3.1473577e-05,-7.0698275e-06,0.00072678615,-0.003082607,0.18099199,0.09165067,-0.0012780984,-0.012879177,-0.005696303,-0.00015083422,0.13130428,0.00014846555,-0.00028299214,-0.0036574898,0.00012252416,0.0016383278,-0.00072288845,-0.00031553264,-0.027807182,0.00017904745,1.3358444e-05,0.0028474971,-8.211897e-05,-0.0021978496,-3.9086462e-05,1.7068212e-05,0.00092990673,0.00015926904,-1.7940122e-06,-5.7273195e-05,0.00044256056,-0.0009849501,0.00025997526,-5.072256e-05,0.00093848514,-2.3616298e-05,0.00029145397,0.02625153,4.4997632e-05,-0.006405485,-0.0010278879,-0.00032987693,0.0025530919,6.17317e-05,-0.00022523367,-0.0010285723,-0.00013063652,-0.00066569145,0.0010817809,-2.2409724e-05,0.0026948655,-1.708167e-05,0.000100505065,0.007181404,-0.0002116712,-0.0014145317,-9.974151e-05,-0.00012510606,0.0002769587,0.00021165832,0.00046361092,0.0029370075,-0.00010534969,-0.003437494,-0.00035106076,6.5003725e-05
CA*CD,-0.2912919845484258,0.04047685,6.177415086230686e-13,-0.00018184027,-4.4467506e-06,3.3053315e-05,1.4502884e-06,0.00032263613,4.651012e-06,1.5186978e-05,2.9374409e-05,0.00040235542,0.0001845115,-0.026050141,-0.0012780984,0.0016383756,0.00049718266,0.0004291489,0.00016995195,0.013659581,-1.119942e-05,2.961544e-05,8.304663e-05,-3.9758626e-05,-5.4359745e-05,6.500744e-06,7.0361043e-06,0.004274741,-3.7943206e-05,-3.9689876e-05,-1.921766e-05,0.00019876733,-0.00017409354,-6.076546e-06,-3.7983795e-05,1.1433897e-06,-6.3540074e-06,-1.45952745e-05,-2.8657798e-06,0.0002180628,1.6270553e-05,4.671241e-06,-9.711585e-06,0.0027005598,-0.00030756372,-0.00037707263,-0.0005274638,-0.00014028291,-0.00070630154,-0.00023145296,-0.00027614296,0.0002272342,-5.051794e-07,1.0402222e-05,-3.5131066e-07,1.2793512e-05,-0.00012030213,-3.6248566e-05,5.8135925e-06,-0.00072553486,-2.2132934e-05,-6.235831e-05,5.9634942e-05,0.0004983463,8.101547e-05,-2.5834002e-05,-2.051177e-05,0.00012182601,-2.6953856e-05,2.5940277e-05,-8.6730826e-05,0.0001718421,-0.0001577698,-5.6934216e-05,-2.950039e-05
CA*DP,-0.35313989178717226,0.12906896,0.006218044196843094,-0.00034860955,-4.8112728e-05,-8.000008e-06,1.2390312e-05,8.8939494e-05,0.00012371095,-1.737612e-07,3.671142e-05,0.00074166426,0.0011664585,-0.025669558,-0.012879177,0.00049718266,0.016658794,-0.004477523,0.0012179621,-0.027895609,-0.0001273953,0.00032202312,0.0003654618,5.8348654e-05,-0.0008730627,0.0009797555,9.862392e-05,0.009755482,2.6012233e-07,-5.7314705e-06,-0.0008850166,-1.51572085e-05,0.0015397669,-0.00011673365,3.1507207e-05,0.0012447297,-3.7019377e-05,-0.00021649545,-2.5664673e-05,-0.00023440199,0.0015219367,0.0002205744,-5.7327838e-05,0.000546634,-1.732793e-05,-0.000273227,-0.008925515,-0.00016026357,0.00511046,-0.0003581211,4.65762e-06,0.004705193,-8.527661e-05,2.4714373e-05,0.0011958695,1.111331e-07,-0.0011432155,0.00044665695,-0.00016287797,5.0392762e-05,-4.9023556e-06,-4.8482423e-05,-0.0017339743,2.032861e-05,0.001525219,5.113664e-06,3.5008303e-05,-0.0002481381,2.170893e-05,-0.0004428806,-0.00055102183,-6.715679e-05,0.0028497246,0.00022358487,-5.7626527e-05
CA*CH,-0.030599284792987416,0.081226125,0.7063837217840295,-9.235188e-05,-1.3394021e-05,-8.648545e-06,1.3594303e-06,-9.544165e-06,1.342551e-05,-3.1414336e-05,-6.2902004e-06,0.00019815347,-0.00019279741,-0.061980482,-0.005696303,0.0004291489,-0.004477523,0.0065976833,-0.00128265,0.054940235,0.00012188353,-0.00031829096,0.00059945957,-8.5303895e-05,0.00031070336,-0.0005279936,1.6045262e-05,-0.0041326075,-7.0095244e-05,8.180222e-06,-9.217063e-06,2.2521957e-05,-7.7805424e-05,0.0003327124,5.8234446e-06,2.13165e-05,-3.8297632e-05,1.2785714e-05,-3.2264238e-06,4.0882987e-05,8.757329e-05,0.00025526172,-1.5862825e-05,0.0010265852,-6.642563e-05,3.0030033e-06,0.0011989808,7.309627e-07,-0.00032753815,0.00088589045,-5.0851046e-05,-0.001402862,-2.547e-05,-2.7924407e-05,0.00015678514,5.109831e-05,-5.839095e-06,8.089542e-06,-4.3337236e-06,0.0020630322,1.773068e-05,3.257425e-05,0.0011442567,0.000119140794,2.0471987e-05,7.605535e-05,-1.1287415e-05,0.00013575584,-0.00012291204,0.00017669762,-0.00047810766,1.2408977e-05,-0.00017823075,0.00026375777,1.902755e-07
CA*BV,-0.20079336730405006,0.044710983,7.09167714749015e-06,-8.1024395e-05,1.9856338e-05,1.20661025e-05,6.304312e-07,-1.0262035e-05,6.3161897e-06,-1.038714e-05,0.00013967206,0.00018401636,9.559023e-05,-0.0007336186,-0.00015083422,0.00016995195,0.0012179621,-0.00128265,0.001999072,-0.027564699,-6.872632e-05,-2.894037e-06,-0.0003075601,4.2303895e-05,-7.7435616e-05,0.0005083215,-2.7986767e-05,0.009851784,3.5428002e-05,-2.1957208e-05,-0.00054001575,-8.044038e-05,0.00021215355,-5.3456744e-05,3.6569156e-05,-9.146683e-06,1.7121107e-05,1.8409e-05,-1.471519e-06,-7.759218e-06,0.00011045477,-0.00024248313,-5.03495e-06,-0.00038261517,3.3505734e-05,-8.265699e-05,-0.00029188234,5.53398e-06,0.00048557305,-0.00031042926,0.00011913046,0.0003259491,3.1840224e-05,6.136933e-05,9.5308445e-05,-1.0600617e-05,-5.8728165e-05,-0.00040565222,-7.029721e-05,-0.00046192118,1.9423296e-06,-8.4313964e-05,-0.00058274454,-1.9740984e-05,0.00034708536,7.2979026e-05,9.636103e-05,0.0012488317,-4.9598606e-05,-0.0009733578,0.0002597712,-0.00012240342,0.00073566707,0.0004669525,-0.00011763779
BT*CA,18.087371669847254,5.4694757,0.0009431225591500362,-0.008261648,-0.0122750895,0.007068137,0.00047466313,0.009636514,-0.00031797364,0.00398903,0.011345975,0.018257625,-0.079416595,7.0149527,0.13130428,0.013659581,-0.027895609,0.054940235,-0.027564699,29.915167,-0.0346483,0.24355486,0.060919344,0.010355652,0.03979013,-0.15396987,-0.020358713,2.3992505,0.019092202,-0.0064080614,-0.061991647,-0.011132497,-0.043469895,-0.040440273,-0.0045981803,0.021444844,0.0061196783,-0.004527996,-0.0010019715,-0.0021795712,-0.015601361,-0.00105177,-0.001709887,0.03326007,0.018884191,-0.009485277,-0.10801395,-0.016533285,-0.067321114,-0.0473126,-0.004276965,0.037462812,0.010280245,-0.005062839,-0.0062072924,-0.00011145769,-0.007473433,0.0023486512,0.003385444,0.035800155,0.00546674,-0.0030714883,-0.08159346,-0.008439472,-0.023267802,-0.008663734,-0.0043150256,0.32729375,0.024129417,-0.024630737,-0.046271566,-0.01842068,-0.045002356,-0.052091222,-0.0065087094
BT*BT,-1.0066019859729285,0.038786307,1.7035082272504193e-148,-6.372295e-07,-0.0008897428,-3.0492918e-05,2.4011479e-06,-9.5409205e-06,6.498294e-06,-1.9027619e-05,-0.00010194794,1.276906e-06,-0.00017514761,0.3123925,0.00014846555,-1.119942e-05,-0.0001273953,0.00012188353,-6.872632e-05,-0.0346483,0.0015043776,-0.00065985403,-0.0006439874,-0.00012684618,-0.00038836861,0.001160399,0.000119995566,0.024244945,-0.00020004295,-1.9223178e-06,0.00057680515,4.823113e-05,0.00028234013,0.00010384009,-0.000100776204,1.8395962e-05,-4.137399e-05,2.925442e-07,-4.6468635e-06,-7.535057e-06,4.2453114e-05,-5.0717692e-05,3.794996e-06,-5.905279e-05,-0.0002341574,4.9669807e-06,0.000200637,2.1005688e-05,0.00019454544,-0.00028759654,-1.4571419e-05,-2.1136855e-05,-8.1265534e-05,2.1850235e-07,2.5612986e-05,-2.6932017e-07,1.431745e-05,-7.640389e-06,5.4694383e-06,3.731284e-05,-5.1790124e-05,1.9841451e-05,2.4698309e-05,1.9370586e-05,0.000116757605,3.212971e-05,7.785881e-06,-0.00050497754,-0.00018344543,-1.6982163e-05,0.00052363647,0.000105780455,0.00041473392,0.000113072296,7.9285994e-05
BT*BU,0.45389564946974736,0.16505471,0.005960055341695982,-2.257423e-06,-0.0020701243,-0.00021031931,1.250569e-05,1.2144235e-05,-2.1664118e-06,4.239176e-05,-0.00020067644,4.91182e-06,0.0003669109,-0.61788034,-0.00028299214,2.961544e-05,0.00032202312,-0.00031829096,-2.894037e-06,0.24355486,-0.00065985403,0.027243055,-0.0005104927,0.00066148036,0.00071209326,-0.022751352,0.00106493,0.03731492,0.00026014275,0.00025000577,0.002308801,0.00039804835,-0.00010117217,0.00045054322,-7.858753e-07,0.00036131666,-3.517203e-05,0.00030197922,-2.6685602e-05,-7.905924e-05,-0.0011019218,-0.0001622654,-3.2479977e-06,0.0005698768,-9.649884e-05,0.0004059431,6.56564e-05,-0.00015341866,-0.0011669582,0.0002981401,-2.2467468e-05,-0.0006188936,-9.216578e-06,6.4357782e-06,0.0006900624,-4.6007364e-05,-8.317584e-06,-0.00018298083,1.567347e-05,0.00024823722,-0.00013115804,0.0002685577,0.0005116435,-0.00017131178,-0.0008166231,-9.000205e-05,-0.0001606927,0.004513162,-0.00012320357,0.00094198686,-3.663045e-05,4.7004556e-05,-0.0003827656,-0.0006139443,0.00017528125
BT*CS,0.018139948527454007,0.17682269,0.9182896880736235,9.341549e-06,-0.00017675203,4.8294256e-05,1.3759695e-05,3.0589825e-05,1.7614839e-05,-1.0678966e-05,-5.7413392e-05,-2.0759942e-05,-0.0005956464,0.13230371,-0.0036574898,8.304663e-05,0.0003654618,0.00059945957,-0.0003075601,0.060919344,-0.0006439874,-0.0005104927,0.031266265,0.00066495355,-0.0006778844,0.0002937618,-0.00021876012,0.052057877,4.200076e-06,-6.5371656e-05,0.0005770952,-6.9565394e-05,-0.00028766558,-4.786038e-05,-0.00020441893,0.000111895286,0.00018156436,-7.529925e-05,-2.5694044e-05,-8.167358e-05,-6.527198e-05,-9.834505e-05,5.158319e-05,0.00019925588,0.00017804393,1.760985e-05,0.00018986408,-0.00013304666,-0.00048935605,0.00011277807,4.0807405e-05,0.00034634516,4.3458353e-05,2.9898812e-05,-0.0003065486,-3.847029e-05,-0.00017647384,-0.00015423534,-6.5987037e-06,1.0357872e-06,8.9456604e-05,3.6257166e-05,0.0011196327,7.1528193e-06,-0.00029218843,1.0849524e-05,-1.6771017e-05,-0.0003223339,0.00031270835,-0.00013994856,0.0019742146,-8.1684426e-05,-0.00045555076,-0.00023390322,7.104646e-05
BT*CD,0.014865302771064064,0.064889826,0.8188026480202574,2.2268655e-06,-0.00032955286,-2.138583e-05,-2.0353182e-06,-3.1966745e-05,5.8112755e-06,-1.060564e-05,-3.583037e-05,-4.909169e-06,-2.5012732e-05,0.11221687,0.00012252416,-3.9758626e-05,5.8348654e-05,-8.5303895e-05,4.2303895e-05,0.010355652,-0.00012684618,0.00066148036,0.00066495355,0.0042106896,0.00039556174,0.0010178187,0.00016799441,-0.0031436717,-3.0374236e-05,1.1507163e-05,-0.00020390145,8.3303246e-05,-2.0970981e-05,7.6249526e-05,1.4196678e-05,-8.808621e-06,-2.6004394e-05,1.5803289e-06,3.840656e-06,2.5177347e-05,-4.4517994e-05,-1.4646231e-06,-3.4062816e-06,-9.870146e-05,6.494318e-06,3.1791644e-06,-0.00028630966,0.00013579555,5.9778682e-05,-0.00017386887,4.508478e-05,0.00010473878,3.2187888e-06,-3.7206785e-06,-7.4237374e-05,8.211185e-06,-7.3716576e-05,-4.025777e-05,-5.4056113e-06,7.116118e-05,-6.6905877e-06,1.7756394e-06,-0.00022696638,3.568851e-05,-1.6459186e-05,2.309243e-05,1.8563194e-05,-0.00017249986,-4.636381e-05,2.1461181e-05,-9.829387e-05,0.0002698895,-0.0002597621,0.00019558863,-1.6108199e-06
BT*DP,0.010021895364814393,0.13647369,0.9414602567592202,8.626145e-06,-0.00037851915,-2.3303974e-06,-1.3031472e-05,-2.3376764e-05,-1.6430748e-05,-1.0787258e-05,-1.2760338e-05,-1.8807465e-05,-0.00032974797,0.14322406,0.0016383278,-5.4359745e-05,-0.0008730627,0.00031070336,-7.7435616e-05,0.03979013,-0.00038836861,0.00071209326,-0.0006778844,0.00039556174,0.018625066,-0.0016806191,0.00027072633,0.022237437,-0.00015813303,-2.596612e-05,-0.00022197975,-6.918378e-05,0.0009311077,-0.00021760451,-1.8253106e-05,-0.00035533487,-1.4988295e-05,-9.2852875e-05,2.5561012e-05,1.8083805e-05,0.0010511574,-4.3325592e-05,-3.078065e-05,-0.00026434392,-0.00011971129,-0.00013770159,-0.00018361004,1.8865371e-06,0.0015645812,7.7167286e-05,-1.6671658e-05,-0.00031727215,-0.00019804983,-1.7091543e-05,-0.00012382289,3.4126217e-05,0.00053611613,1.8194998e-05,8.7864384e-05,-0.00052439404,-1.616146e-05,-0.00012128003,-0.0010052461,-5.072353e-06,0.0013110824,-1.0505798e-05,-1.1330407e-05,-0.0006520154,-0.0002574638,-0.00028052507,-0.00010967826,-0.00011533334,0.00201443,-0.00015772012,2.6725826e-05
BT*CH,-1.469307654471575,0.24701115,2.70866635813101e-09,-1.5256648e-05,-0.00021231006,0.00011151656,-4.2538126e-05,-6.173165e-05,2.454899e-05,-7.136645e-05,-0.00026802503,3.430836e-05,-0.00042745585,1.808802,-0.00072288845,6.500744e-06,0.0009797555,-0.0005279936,0.0005083215,-0.15396987,0.001160399,-0.022751352,0.0002937618,0.0010178187,-0.0016806191,0.06101451,-0.00033346657,-0.18991041,-0.00062823197,-0.00018777169,0.00045803565,4.215635e-05,-8.220279e-05,0.0023174125,-0.00075978314,-0.00052300544,-3.1419822e-05,-4.306814e-05,8.5904234e-05,0.00012650948,0.00038430345,0.0017170121,-0.00013057256,0.00020873213,-3.082583e-05,0.00039473534,0.0004309405,-0.00013434065,1.7819975e-05,0.0036862665,6.3506795e-06,0.0010088878,-0.00019210203,1.3560345e-05,-0.0006853573,-6.359454e-05,-7.8175864e-05,0.00017571042,-1.4170226e-05,2.5826339e-05,0.00091707497,0.0003157115,0.0030076415,0.0002812668,-0.00030861312,0.00029460798,0.0002715051,-0.01171375,-1.5457845e-05,-0.00052580377,-0.00016022507,0.0007206096,-0.00053987186,0.004051426,6.417591e-05
BT*BV,-0.005901111317471735,0.05709326,0.9176779236593168,-6.022162e-07,-0.00048815727,-4.053365e-05,5.7432e-06,-3.1655207e-05,-3.995487e-06,-7.5941407e-06,5.5518893e-05,1.1782142e-06,7.3403644e-05,-0.05751134,-0.00031553264,7.0361043e-06,9.862392e-05,1.6045262e-05,-2.7986767e-05,-0.020358713,0.000119995566,0.00106493,-0.00021876012,0.00016799441,0.00027072633,-0.00033346657,0.0032596402,-0.015177605,1.9927375e-05,3.0681065e-05,-0.00017676441,1.3605985e-05,0.00015236295,-0.00010916846,0.00019366617,5.3356475e-06,-9.146131e-06,-2.785831e-05,-1.1265853e-05,-1.7507804e-05,-1.9825453e-05,-4.245175e-05,1.8621115e-05,-1.2925003e-05,-2.2123559e-05,-3.12783e-05,0.00060021004,2.57046e-05,7.2279094e-05,0.0002442073,6.0430517e-05,2.8183986e-05,1.1209972e-05,-3.979252e-06,1.3648215e-05,-3.1911804e-06,1.1285864e-05,2.6550118e-05,-7.802299e-06,-0.00014549527,-1.7515087e-05,-2.9433912e-05,0.00019793189,1.2296694e-05,1.0163278e-05,1.3334909e-05,2.0231104e-05,-5.6980585e-05,8.032541e-05,-3.5565456e-05,1.8842953e-05,-8.039026e-05,-8.8491266e-05,-0.00010827534,-3.866469e-05
BU*CA,-14.912289766926573,23.37759,0.5235464359687724,0.00089206506,-0.024614291,-0.09027025,0.0021151027,0.042695817,-0.0035116004,0.006050834,0.047233254,-0.001988463,-0.0034669482,1178.6129,-0.027807182,0.004274741,0.009755482,-0.0041326075,0.009851784,2.3992505,0.024244945,0.03731492,0.052057877,-0.0031436717,0.022237437,-0.18991041,-0.015177605,546.5117,0.03857384,0.072266735,0.26329675,0.17052107,0.082299344,0.13557982,0.040383443,0.025210781,-0.0080078775,0.012887075,-0.004273132,-0.013101103,0.03827069,-0.028839765,-0.00084282533,-0.006376591,-0.020061182,0.026485402,-0.59882945,-0.06455801,-0.05891196,-0.17815387,-0.05376457,0.02111354,0.004226491,-0.005655154,-0.016774455,0.01678252,0.016908865,0.023341646,-0.0043447083,0.024270369,-0.004820096,0.0057740635,-0.11317298,0.005742433,-0.0034118125,-0.012085736,-0.0045250235,0.0017037466,-0.025432218,-0.10576953,-0.045571644,-0.16040182,0.15961418,-0.11058683,-0.03115274
BU*BT,-0.5860757749513273,0.0347782,1.0174455514395962e-63,-2.3470002e-06,0.00022463335,-0.00050488475,-9.669647e-06,-0.00019741862,-1.3446635e-05,-3.7897105e-05,-0.00018201055,5.304523e-06,7.305627e-05,-0.05697649,0.00017904745,-3.7943206e-05,2.6012233e-07,-7.0095244e-05,3.5428002e-05,0.019092202,-0.00020004295,0.00026014275,4.200076e-06,-3.0374236e-05,-0.00015813303,-0.00062823197,1.9927375e-05,0.03857384,0.0012095233,0.0005772933,-0.0027803865,0.00042660115,0.0003618403,-0.00015550766,0.00083763275,-0.00013573254,0.00012804453,-0.00014209317,1.825797e-05,-7.836031e-06,-6.6115244e-05,5.748706e-05,-1.8116754e-05,0.00034017905,0.0006687605,-0.00026318352,0.0003103586,0.00029544072,0.00021202392,0.0007082307,9.26368e-05,0.00040117966,0.00019831715,-5.4710017e-05,-0.00032694664,-5.4078105e-06,-0.00018971847,5.004378e-05,2.1108843e-05,-4.591045e-06,0.0002508525,-0.00017117176,-0.000363336,-2.8705781e-05,0.00013224999,8.316922e-05,3.5238234e-05,-0.00083887053,0.0007451945,-0.0005936809,-0.00050360255,0.00024449753,0.00034837288,0.0004278337,0.00012702825
BU*BU,-0.9915088138006293,0.036958735,1.545999339939411e-158,-1.0579519e-06,-7.4905125e-07,-0.00059379253,-6.4746285e-07,-0.00022425354,-6.5206573e-06,-3.9811424e-05,-0.00027120468,2.3814207e-06,1.8650278e-05,-0.39232945,1.3358444e-05,-3.9689876e-05,-5.7314705e-06,8.180222e-06,-2.1957208e-05,-0.0064080614,-1.9223178e-06,0.00025000577,-6.5371656e-05,1.1507163e-05,-2.596612e-05,-0.00018777169,3.0681065e-05,0.072266735,0.0005772933,0.0013659482,-0.0015666821,0.00029905228,-0.0001595099,-0.00038444973,0.000986376,1.4120132e-05,-5.8698665e-06,-1.3157954e-05,1.5348965e-06,-4.8568898e-05,-2.270767e-05,-4.522376e-05,9.908424e-06,0.0003322367,0.00016778549,0.00017766883,0.00071609515,0.00035606386,0.00047779674,0.0008533282,6.473523e-05,-5.7602632e-05,1.1579394e-05,-2.4577728e-06,-0.00013419501,-4.429265e-06,4.218791e-05,8.172311e-05,-1.5224721e-05,0.00016586273,2.6233e-05,1.9202886e-05,4.524906e-05,-1.2725873e-05,5.5818957e-05,8.28287e-05,2.3324224e-05,-0.0003224694,0.0002316703,4.6788162e-05,0.00031294973,0.00016630058,0.00054094504,0.0003436071,0.0002470282
BU*CS,-0.6997195856113151,0.35529587,0.04890720622041303,1.0013152e-06,-0.00060854515,-6.155849e-05,0.00025198603,0.00029578444,5.0452178e-05,-0.00013484317,-0.0026025216,-1.6169581e-06,0.00017989831,-1.6512551,0.0028474971,-1.921766e-05,-0.0008850166,-9.217063e-06,-0.00054001575,-0.061991647,0.00057680515,0.002308801,0.0005770952,-0.00020390145,-0.00022197975,0.00045803565,-0.00017676441,0.26329675,-0.0027803865,-0.0015666821,0.12623514,0.00460261,-0.012770555,0.0044682506,-0.009790597,0.0018674935,-0.0002561546,0.0032130869,-0.0005100293,-0.00039432693,-0.0031223118,-0.0011850502,0.00021567625,-0.002363297,-0.0011480036,0.0031806577,0.022893766,-0.0007125455,-0.00546057,-0.004352974,-0.0013232714,-0.0054573845,-0.0005042108,0.0004902994,0.005859274,-0.00015878536,0.0007013495,2.7220058e-06,-0.0007651134,-0.0016173748,-0.0003627759,0.0017484429,0.017797008,0.00011357454,-0.0034063521,0.0001380191,-0.00029121916,0.01397462,0.0009545246,0.0067487895,0.014509234,-0.00015602645,-0.00058278214,-0.002724643,0.0028972046
BU*CD,-0.5059796301090063,0.06512403,7.881088159349603e-15,-2.9117705e-06,-5.496657e-05,-0.00067811855,-1.5808564e-05,0.00030926234,1.0510834e-05,-6.941321e-05,-0.0005335276,6.528161e-06,1.1477972e-05,-0.91825074,-8.211897e-05,0.00019876733,-1.51572085e-05,2.2521957e-05,-8.044038e-05,-0.011132497,4.823113e-05,0.00039804835,-6.9565394e-05,8.3303246e-05,-6.918378e-05,4.215635e-05,1.3605985e-05,0.17052107,0.00042660115,0.00029905228,0.00460261,0.0042411387,-0.0012005117,0.002000261,0.00013678466,-0.00022064285,1.43372245e-05,9.992971e-06,3.155307e-05,0.00039919166,-0.00054325385,0.00022277974,-1.7964776e-05,-0.00018679957,-0.00032342062,0.0009070762,-0.0024762661,0.00031420644,-0.0018908246,-0.0029136527,6.666993e-05,-0.00028053945,-5.3218366e-05,3.9702795e-06,-2.2304606e-05,1.4408248e-05,-1.9580242e-05,7.178682e-05,-5.5154787e-06,0.00089705386,6.0328268e-05,0.00028466486,-0.0002469114,0.0008169121,-0.00060864043,8.2737526e-05,9.818226e-05,-0.0016112573,0.00042107812,0.00033322748,-0.00037035547,0.0021162229,0.00087838795,0.0011841306,0.00033023124
BU*DP,-0.8850905521362935,0.17592901,4.880481965621525e-07,1.5285914e-06,-0.00019989723,-0.00071561185,-3.7906742e-05,-0.0010018914,1.2948081e-05,-7.517557e-05,-0.0005034264,-4.623225e-06,8.662257e-06,-1.099854,-0.0021978496,-0.00017409354,0.0015397669,-7.7805424e-05,0.00021215355,-0.043469895,0.00028234013,-0.00010117217,-0.00028766558,-2.0970981e-05,0.0009311077,-8.220279e-05,0.00015236295,0.082299344,0.0003618403,-0.0001595099,-0.012770555,-0.0012005117,0.030951018,-0.0034081691,0.0011716874,-0.0006367858,-0.00020095368,0.000108490654,7.6062264e-05,2.882304e-05,0.007092486,-0.00061717175,1.6459923e-06,-0.0038311156,0.00010251741,0.0002336567,0.010776983,0.0011066135,0.023790877,0.0003335855,0.00061693235,-0.0035093331,-4.351481e-05,0.00026845757,0.0007767561,0.0002739668,0.005335824,3.0338719e-05,0.00042394828,-0.0049598585,-0.0002878416,-0.00027523396,-0.00013219149,-0.0007120574,0.008805628,-1.8658326e-05,-9.436391e-05,0.0008011069,-0.00013819072,3.8801692e-05,-0.0008973591,9.710784e-05,0.025349548,-0.0036797381,0.0004070651
BU*CH,-0.21048187305919475,0.10318359,0.041362538220588135,4.6016294e-06,-0.00013848218,-0.00030974258,-5.0551356e-05,-1.238333e-06,1.9496892e-05,-0.0001416799,-0.00088901946,-9.986202e-06,-1.1652313e-05,-0.7687309,-3.9086462e-05,-6.076546e-06,-0.00011673365,0.0003327124,-5.3456744e-05,-0.040440273,0.00010384009,0.00045054322,-4.786038e-05,7.6249526e-05,-0.00021760451,0.0023174125,-0.00010916846,0.13557982,-0.00015550766,-0.00038444973,0.0044682506,0.002000261,-0.0034081691,0.010646853,-0.0020622953,-0.0006723303,4.855464e-05,6.7664e-05,9.971386e-05,0.00021148167,-0.0011439127,0.0019326392,-0.00015557007,0.0009993967,-0.00011052941,0.00097056496,0.0015824517,-0.00017177398,-0.0034101228,0.0049713184,-0.00046562558,-0.00045710354,-0.00011258399,0.0001101634,-0.0003804501,-0.00016260073,-0.00063497113,0.0015274789,-0.00012996064,0.0010414863,0.00013588103,0.0007308186,0.004411921,0.00063596666,-0.00045324807,0.00045053425,0.00010110824,-0.016077012,0.0006782046,0.0006256587,-0.0015941546,0.001219471,-0.0031515947,0.007874085,0.00055120914
BU*BV,-0.6942134803797081,0.07306824,2.080990380824491e-21,3.620498e-07,0.00010431264,-0.00070309057,2.9052477e-05,-0.00020916724,1.1654188e-05,-2.6142785e-05,0.00038742827,-9.0339825e-07,3.2925283e-05,-0.12044634,1.7068212e-05,-3.7983795e-05,3.1507207e-05,5.8234446e-06,3.6569156e-05,-0.0045981803,-0.000100776204,-7.858753e-07,-0.00020441893,1.4196678e-05,-1.8253106e-05,-0.00075978314,0.00019366617,0.040383443,0.00083763275,0.000986376,-0.009790597,0.00013678466,0.0011716874,-0.0020622953,0.0053389673,-0.00027443666,-5.61163e-05,-0.00033453808,-5.8050344e-05,-4.0780764e-05,0.00056254276,-0.0002289523,0.00016373616,-0.00053700764,0.00014291269,-0.00077626854,0.0023537248,0.00029309024,0.001802612,0.0009724135,0.0008277655,0.00013204665,2.9450126e-05,-0.00012364716,-0.00018907778,3.2795317e-05,-0.0002757244,6.712051e-05,0.0002827017,-0.0012340879,-2.1783557e-05,-0.0004388339,0.0011947436,-2.305498e-05,0.0007244583,7.73002e-05,0.00015583247,0.00062209717,-0.00047106837,0.0034451834,0.0005829933,4.0027953e-06,0.0008744884,-0.00046806084,-0.00036967406
CS*CA,-0.05116401694017514,0.24453892,0.8342714422039471,-1.2802951e-06,-7.38827e-05,2.7752356e-05,-0.00012284533,6.0419665e-05,2.4841486e-06,5.477372e-05,5.439041e-05,4.7628555e-06,-3.656231e-05,-0.18638875,0.00092990673,1.1433897e-06,0.0012447297,2.13165e-05,-9.146683e-06,0.021444844,1.8395962e-05,0.00036131666,0.000111895286,-8.808621e-06,-0.00035533487,-0.00052300544,5.3356475e-06,0.025210781,-0.00013573254,1.4120132e-05,0.0018674935,-0.00022064285,-0.0006367858,-0.0006723303,-0.00027443666,0.059799284,-0.00012281518,0.0022548875,0.00024295643,-0.0011345069,-0.0060434514,-0.0053845593,0.00019459489,0.022712104,-0.00032282487,-0.00013776538,-0.0059978263,-4.214033e-05,-0.0021792494,-0.002865473,-1.109522e-05,0.0054574935,-0.00015375274,-6.730159e-06,-3.900738e-05,-7.158032e-05,-0.00025108055,0.00026002293,-0.00012710714,0.020900505,-0.00013380354,-4.124345e-05,-0.0041488344,-0.00051125354,-0.0013046365,-0.0002491192,-0.00037023847,0.0011733905,-0.0001324458,-0.00058513624,-3.196451e-05,-0.00015104917,-8.316316e-05,0.00013441131,-4.755011e-05
CS*BT,-0.1003805244401695,0.016110396,4.6408333914823124e-10,-8.2838176e-07,5.9025453e-05,-5.4620996e-06,-0.00010947483,-1.2470652e-05,-3.4085165e-06,-8.36644e-06,-6.063433e-06,1.8325817e-06,1.4671195e-05,0.06737004,0.00015926904,-6.3540074e-06,-3.7019377e-05,-3.8297632e-05,1.7121107e-05,0.0061196783,-4.137399e-05,-3.517203e-05,0.00018156436,-2.6004394e-05,-1.4988295e-05,-3.1419822e-05,-9.146131e-06,-0.0080078775,0.00012804453,-5.8698665e-06,-0.0002561546,1.43372245e-05,-0.00020095368,4.855464e-05,-5.61163e-05,-0.00012281518,0.00025954485,2.0967853e-05,0.0002209041,0.00022610773,0.00034781185,0.00043349844,-3.8643107e-06,-5.1715208e-05,0.00023243627,-3.3601118e-05,-0.00078755827,-6.8804397e-06,-0.00015886509,0.00014822088,-5.7305264e-05,8.467041e-05,6.9016016e-05,-1.3778571e-05,-9.004936e-06,1.1773548e-05,-9.717995e-05,3.8712988e-05,-2.2349663e-05,-2.8468625e-05,0.00012448554,-2.7336559e-05,-0.00028085223,1.1127699e-05,-7.034854e-05,1.223009e-05,-2.2846943e-05,9.3224706e-05,0.00010802485,-7.260307e-05,-2.7529084e-05,-3.2819877e-05,-0.0001602691,-1.2438688e-06,7.2532894e-06
CS*BU,-0.14126007538125834,0.042703535,0.0009399011071050276,-6.740226e-08,-2.5000525e-05,9.0342684e-05,-0.00012699408,-2.8081868e-05,2.3272278e-05,-3.18531e-05,-9.3230864e-07,7.472118e-08,2.856018e-06,-0.015298281,-1.7940122e-06,-1.45952745e-05,-0.00021649545,1.2785714e-05,1.8409e-05,-0.004527996,2.925442e-07,0.00030197922,-7.529925e-05,1.5803289e-06,-9.2852875e-05,-4.306814e-05,-2.785831e-05,0.012887075,-0.00014209317,-1.3157954e-05,0.0032130869,9.992971e-06,0.000108490654,6.7664e-05,-0.00033453808,0.0022548875,2.0967853e-05,0.001823592,0.0002576471,0.0002342641,-0.0023430055,-0.00025978696,0.000107864944,-0.00036903075,-3.113195e-05,0.00096124463,0.0006670535,-4.774653e-05,-0.0010086839,-0.000455253,5.6052068e-05,-0.00084117806,-9.125266e-05,0.00010643025,6.556711e-05,-4.1030184e-05,7.627732e-05,-3.288913e-05,-5.8296377e-05,-0.0015121085,-3.0759467e-05,0.0006552581,0.0007536911,-2.8624074e-05,-0.0007881344,5.7098336e-05,-1.651573e-05,7.984767e-05,-4.321649e-05,0.000369221,9.963814e-05,-2.9953895e-05,0.00023476096,-0.00019545671,-5.213468e-07
CS*CS,-0.259900278750065,0.023549438,2.5513648118756357e-28,-2.6384592e-07,3.9342012e-06,-9.616125e-06,-0.00021529084,-3.9960072e-05,-3.885477e-06,-1.864812e-05,-1.3166293e-05,5.3314767e-07,-2.5960221e-06,0.032977328,-5.7273195e-05,-2.8657798e-06,-2.5664673e-05,-3.2264238e-06,-1.471519e-06,-0.0010019715,-4.6468635e-06,-2.6685602e-05,-2.5694044e-05,3.840656e-06,2.5561012e-05,8.5904234e-05,-1.1265853e-05,-0.004273132,1.825797e-05,1.5348965e-06,-0.0005100293,3.155307e-05,7.6062264e-05,9.971386e-05,-5.8050344e-05,0.00024295643,0.0002209041,0.0002576471,0.00055457605,0.00043942322,0.00088928663,0.0006424239,6.8830166e-05,-0.0001224863,7.258788e-05,6.256346e-05,-0.0014373595,4.175822e-05,0.00023326422,6.6290915e-05,-1.7282768e-05,-1.0573168e-05,1.6327298e-05,-2.3576463e-06,-4.3303502e-05,1.1170812e-05,8.70236e-06,5.3586617e-05,-2.5587908e-05,-0.00023856632,3.4912973e-05,3.0316254e-05,-0.00069974223,1.29627815e-05,0.00013429046,2.9496461e-05,-1.000456e-05,1.5998095e-05,1.4696294e-05,-2.4711428e-05,-1.5319018e-05,-1.1894137e-05,-5.2601135e-05,1.3995517e-05,9.91202e-06
CS*CD,-0.3460053577913448,0.046122275,6.289247593654066e-14,2.808475e-06,1.5806008e-05,1.8039305e-05,-0.00021415549,0.00012804529,1.4273023e-05,-2.561868e-06,1.6599604e-05,-6.225058e-06,-1.8818104e-05,0.092989005,0.00044256056,0.0002180628,-0.00023440199,4.0882987e-05,-7.759218e-06,-0.0021795712,-7.535057e-06,-7.905924e-05,-8.167358e-05,2.5177347e-05,1.8083805e-05,0.00012650948,-1.7507804e-05,-0.013101103,-7.836031e-06,-4.8568898e-05,-0.00039432693,0.00039919166,2.882304e-05,0.00021148167,-4.0780764e-05,-0.0011345069,0.00022610773,0.0002342641,0.00043942322,0.0021272644,0.00075935735,0.0012747908,-4.6553814e-06,-0.00062668894,-0.00021984511,-0.000271412,0.021415986,0.00037640388,-0.0011532395,-0.00050622405,-0.00025287122,-0.00024969803,-5.735342e-06,-1.7920554e-05,3.5389254e-05,8.904024e-05,-0.0001266474,0.00011325267,-4.4195964e-05,-0.0021934593,-5.1867133e-05,-0.00012323422,0.0029031434,0.0005983514,0.0006615502,-4.9233153e-05,-7.46514e-05,0.00052014977,-1.0115707e-05,0.000108137414,4.7366266e-05,0.00022970478,-0.000107140455,-5.902791e-05,-1.2685633e-05
