Param name,Param value,Param stdv,Param p-value,CA,BT,BU,CS,CD,DP,CH,BV,CA*CA,CA*BT,CA*BU,CA*CS,CA*CD,CA*DP,CA*CH,CA*BV,BT*CA,BT*BT,BT*BU,BT*CS,BT*CD,BT*DP,BT*CH,BT*BV,BU*CA,BU*BT,BU*BU,BU*CS,BU*CD,BU*DP,BU*CH,BU*BV,CS*CA,CS*BT,CS*BU,CS*CS,CS*CD,CS*DP,CS*CH,CS*BV,CD*CA,CD*BT,CD*BU,CD*CS,CD*CD,CD*DP,CD*CH,CD*BV,DP*CA,DP*BT,DP*BU,DP*CS,DP*CD,DP*DP,DP*CH,DP*BV,CH*CA,CH*BT,CH*BU,CH*CS,CH*CD,CH*DP,CH*CH,CH*BV,BV*CA,BV*BT,BV*BU,BV*CS,BV*CD,BV*DP,BV*CH,BV*BV
CA,0.2528515619857925,0.007115566,1.4171995512201477e-276,5.063128e-05,1.8701585e-06,1.0642332e-06,2.5982166e-07,6.6964535e-06,8.8980613e-07,2.3955938e-06,1.9079223e-06,-0.000113930895,-4.6684236e-05,-5.447489e-05,-0.00014275215,-8.824371e-05,-0.00014845165,-0.0001397637,-2.2733315e-05,-2.1227444e-05,-1.6333681e-06,-5.2579094e-07,1.0554909e-06,-1.0061137e-06,7.649627e-08,-4.608585e-06,5.9612245e-07,-3.6332115e-06,2.3122666e-07,-6.7935815e-07,-5.9088366e-06,-2.0281846e-06,3.118564e-06,-2.8069553e-06,4.6844616e-06,1.0983815e-05,-3.99078e-08,1.0984825e-06,-5.095706e-07,-1.3603758e-07,1.1207903e-05,-1.878662e-06,2.581727e-06,0.00010925955,-5.302124e-06,-6.517131e-06,-1.4219824e-05,-8.16525e-06,8.111582e-06,-2.762829e-05,-8.9149677e-07,-0.00011616226,-7.314338e-08,1.629827e-07,-1.0380266e-05,1.4870656e-06,-7.1882127e-06,2.3977182e-06,-4.512605e-07,0.00013057266,-3.9274455e-06,-5.2855376e-06,4.4224955e-05,-5.386475e-06,9.623136e-06,-3.0644085e-06,-2.938035e-06,2.8228824e-05,-7.248849e-07,6.977868e-06,3.5105554e-06,-1.766294e-06,2.4892723e-05,-9.283853e-06,-1.7110158e-06
BT,0.8520830317859394,0.033659656,2.2023860470195468e-141,1.8701585e-06,0.0011329725,0.000104234634,1.2215374e-05,3.549029e-05,8.258577e-06,2.2436836e-05,0.000109672634,-4.164545e-06,5.239107e-05,1.2526372e-05,1.334862e-05,1.6929073e-06,-3.0091962e-05,2.6137619e-05,-2.4665205e-06,-0.00063198095,-0.0011423657,-0.0005792265,2.8082086e-05,-0.0002486977,-0.00011251452,-0.0011209053,-0.0007780944,-0.00038083328,0.00020722182,-6.176546e-05,-0.00049350056,-0.00012802868,-0.00029098714,-7.9291836e-05,-5.2733998e-05,-3.7786373e-05,4.8340327e-05,-2.327859e-06,-2.5437801e-05,-1.5057155e-05,-4.984795e-05,2.4660905e-05,-2.7019354e-05,-0.00025391052,0.0003135843,1.0055535e-05,-0.00035731654,-1.3574576e-05,-0.00018427992,-7.985055e-05,3.6399704e-06,-7.233257e-05,5.8949787e-05,6.6679104e-06,-4.688431e-05,-1.0971476e-05,-3.8409285e-06,-6.907241e-06,-7.237084e-06,-0.00013180479,6.654637e-05,-4.7778753e-06,-7.818382e-05,-2.8914363e-05,-4.1704454e-05,-2.5299187e-05,-2.5002255e-05,-0.000586794,0.00034698838,9.297035e-05,-0.00090948713,-8.673192e-05,-0.00019036657,-0.00012407426,-6.981492e-05
BU,0.7290055381797773,0.021887068,2.9976637819768684e-243,1.0642332e-06,0.000104234634,0.00047904375,8.399705e-06,0.00019935847,7.6383185e-06,3.2606924e-05,0.00016487724,-2.3848722e-06,7.3149895e-06,7.892644e-05,5.174031e-06,1.9177709e-05,-2.9595253e-06,9.722027e-06,1.9228646e-06,-0.0002025797,-0.00010591699,9.112293e-06,-5.869707e-06,-5.4980697e-05,-6.4144086e-05,-4.267344e-05,-7.991121e-05,-0.00085237843,-0.00046059935,-0.00043429475,-0.00020276822,-0.0006912673,-0.0003723141,-0.00016047977,-0.0008161557,-7.5242525e-07,1.077708e-06,1.4996111e-05,-1.7260807e-05,-5.025423e-06,6.736034e-05,5.2283e-05,-5.195936e-05,-0.00022224917,-0.00014996341,1.9948538e-07,-0.00059918145,-0.00029467777,-0.00048611866,-0.00022536745,-5.6418783e-05,0.00010998748,-2.9266919e-06,3.1351043e-05,9.525096e-05,-9.360672e-06,-5.1689316e-05,-2.3801793e-05,-3.6940958e-06,-0.00011938,-1.4878858e-05,2.4106457e-05,-0.0001463791,-2.2845259e-05,-4.0522817e-05,-3.828226e-05,-4.9279028e-05,-6.786839e-05,-0.00010341435,8.092314e-05,-0.00044027698,-0.00016194204,-0.00043014975,-0.00025958536,-0.00012066014
CS,0.2622415484634675,0.009413608,8.687891402457982e-171,2.5982166e-07,1.2215374e-05,8.399705e-06,8.861603e-05,1.7276605e-05,2.1333522e-06,7.867794e-06,1.6770839e-06,-5.750838e-07,2.2325933e-06,4.809219e-06,6.6896587e-06,6.158311e-07,-5.32296e-06,-4.3315454e-06,1.9755412e-06,9.900297e-05,-3.3635397e-06,3.93657e-06,3.9081053e-05,-5.702779e-06,-1.4361818e-05,-1.7109214e-05,4.8344987e-06,8.666129e-05,8.4596095e-06,-3.8550893e-06,0.00048606432,-1.4741415e-05,-4.5910245e-05,-1.6114767e-05,-1.18364505e-05,-0.00017295805,-6.961017e-05,-4.385073e-05,-0.00018608249,-0.00014874633,-0.00046076387,-0.00019613287,-7.075148e-05,-1.5522515e-05,3.5017206e-06,1.2009257e-05,0.00043149208,-2.19032e-05,-0.00016721967,-5.2691375e-05,-1.538832e-05,9.249718e-06,2.0329621e-06,3.2345927e-06,2.0387479e-05,-3.985943e-06,-2.2455086e-05,-5.713582e-06,2.6350344e-07,5.9719343e-05,1.8662494e-06,5.250461e-06,0.0004008955,-1.7900822e-05,-6.88941e-05,-7.5943835e-06,-1.8635092e-05,4.8550733e-05,1.7680879e-05,1.8907129e-05,4.8397837e-06,-2.4115839e-06,3.3538512e-05,-1.8297014e-05,-8.5149543e-07
CD,0.9382803084277375,0.07388215,5.936504064732736e-37,6.6964535e-06,3.549029e-05,0.00019935847,1.7276605e-05,0.005458572,5.045104e-05,6.108743e-05,0.00021962747,-1.559667e-05,1.3931453e-05,1.3128211e-05,-5.1157826e-06,0.0004901528,6.390676e-05,-2.1354566e-05,-2.7527365e-06,0.0003097024,-4.560262e-05,4.5144854e-05,2.4513725e-05,-0.00010349364,-8.39422e-05,0.000113147806,0.00011003534,0.00031746083,-0.00018164786,-0.00019768656,-0.0007551881,0.00031832999,-0.00050619553,5.543858e-05,-0.000107213644,-6.3657867e-06,-5.4218553e-06,1.7976463e-05,-3.715719e-05,0.00037488114,-2.0374198e-05,4.5649573e-05,-2.6206124e-05,-0.0076984796,-0.004258274,-0.0031408572,-0.010527979,-0.008638769,-0.0107881,-0.0076726633,-0.00074377697,0.00038293097,-3.3203272e-05,-2.4965253e-05,-2.593836e-05,0.00016646099,-0.00039097317,-4.6633017e-05,-5.3998033e-06,-0.0004755743,1.9511832e-05,7.115429e-06,-0.00038459717,0.0009113019,4.482153e-06,-0.00011317303,-7.1969303e-06,0.00086805056,-6.770775e-05,0.00013642432,-0.00058068114,0.0010882665,-0.001273383,-3.3558048e-05,-0.0002110979
DP,0.29527548884464044,0.012437825,1.3897496697544124e-124,8.8980613e-07,8.258577e-06,7.6383185e-06,2.1333522e-06,5.045104e-05,0.0001546995,1.3721989e-06,2.0753763e-05,-1.9149184e-06,-1.5822284e-06,5.5458054e-06,3.6159134e-05,-3.5254328e-09,3.6568577e-05,6.7992382e-06,-4.5728143e-06,5.0127164e-06,-4.2820384e-06,7.0808034e-07,1.1784748e-05,3.1533457e-06,-1.971219e-05,1.5003161e-05,5.5692766e-07,-8.4379164e-05,1.0532598e-05,-1.2485623e-06,-3.0020703e-05,1.1185829e-05,-2.283267e-05,1.2412176e-05,2.5013293e-05,-1.39607e-05,1.3632832e-06,3.854821e-06,-4.4975536e-06,7.370593e-06,0.00024208735,-2.3062998e-06,6.3626508e-06,-0.00017351963,-1.9560513e-05,9.493816e-06,-1.4138788e-05,-6.5766566e-05,0.0005284194,3.570167e-05,2.1571628e-05,0.00052988116,-8.670743e-05,-5.4988723e-05,-0.0002816346,-8.0644444e-05,-0.0011709762,-9.828946e-05,-5.2206462e-05,-7.982606e-05,8.921081e-06,7.3940378e-06,-1.5756832e-05,1.5497979e-05,0.00023734859,5.2633084e-07,1.2842954e-05,7.1495306e-06,4.2480765e-06,8.106641e-05,-0.00013052108,1.4973704e-05,0.0008347373,-4.9323744e-06,-1.11701465e-05
CH,0.4619074627746497,0.011495215,0.0,2.3955938e-06,2.2436836e-05,3.2606924e-05,7.867794e-06,6.108743e-05,1.3721989e-06,0.00013213998,4.627291e-06,-5.229498e-06,-1.2968715e-06,-5.825865e-06,3.298683e-05,6.455625e-07,5.540821e-05,-7.994853e-06,-2.1398466e-05,-7.75163e-05,-2.0756728e-05,7.696896e-06,-1.2130101e-05,-1.0042958e-05,-1.0099441e-05,1.9398047e-05,-1.795481e-05,1.0616998e-05,-2.5139574e-05,-1.7708846e-05,-0.00010701753,-4.5545665e-05,-2.7577304e-05,-4.177477e-05,-6.22398e-05,-7.886532e-06,-2.3830448e-06,2.637654e-06,-1.615725e-05,-1.6140577e-05,4.033406e-05,-3.684672e-05,-4.6275236e-05,-8.237028e-05,-4.9216374e-05,-2.6721675e-05,-0.00042091365,-6.975332e-05,-0.00010758198,-0.00013195601,-6.995316e-05,9.066087e-06,-1.0261053e-06,4.2021707e-06,2.1992482e-06,-3.6975068e-06,6.652461e-06,-5.723497e-06,-8.471624e-06,-0.0007367353,-0.00011302258,-0.00011336083,-0.0005708004,-0.00021933504,-0.00017305154,-0.00014054183,-0.00017711452,-4.8553906e-05,8.163969e-06,5.9846927e-05,-7.508309e-05,-1.6400145e-07,-0.00013199626,-1.4992685e-05,2.5296367e-06
BV,0.9076967309096272,0.02931282,1.553999028851871e-210,1.9079223e-06,0.000109672634,0.00016487724,1.6770839e-06,0.00021962747,2.0753763e-05,4.627291e-06,0.0008592414,-4.3391256e-06,1.16478395e-05,1.3457378e-05,9.753271e-06,1.8646142e-05,4.785867e-06,7.748703e-06,3.2657623e-05,-0.00034234775,-0.00011115074,-6.3397642e-06,-0.000108099426,-3.798354e-05,-1.4072573e-05,-0.0003994712,6.8999885e-05,-0.00019265768,-9.51613e-05,-0.00011639679,-0.0018208633,-0.00021727796,-0.00015154808,-0.0004806663,0.00040503152,-3.7728416e-05,-2.2798083e-06,-6.916617e-06,-3.7911968e-06,7.755239e-06,-7.0869035e-05,-1.7562168e-05,3.4866538e-05,-0.000302236,-0.00014991315,-0.00014581425,-0.00073210936,-0.00032768538,-0.00040636156,-0.00026355396,2.4837343e-06,0.00018578651,-9.179921e-06,-2.8710929e-05,-0.000111638576,8.053788e-06,-0.00018554353,-5.4668776e-06,1.630346e-05,0.00012773453,-9.282652e-06,-8.500353e-06,2.8201932e-05,4.1012358e-05,-0.00010045613,-4.651308e-06,-2.3619406e-05,-0.0012168384,-0.0008336407,-0.0012375618,0.00028896218,-0.0009339924,-0.0011546107,-0.0005535832,-0.0008431291
CA*CA,-0.27745179581340523,0.017598175,5.337073099198367e-56,-0.000113930895,-4.164545e-06,-2.3848722e-06,-5.750838e-07,-1.559667e-05,-1.9149184e-06,-5.229498e-06,-4.3391256e-06,0.00030969575,0.00010429223,0.00012291514,0.00031098913,0.00019687403,0.00032081298,0.00030682044,5.2004078e-05,4.958912e-05,3.6496458e-06,1.1540064e-06,-2.2848121e-06,2.2173604e-06,-1.957055e-07,1.0368485e-05,-1.3513344e-06,1.0243239e-05,-5.170235e-07,1.5450955e-06,1.4203996e-05,4.4575754e-06,-6.9326898e-06,6.198726e-06,-1.0637346e-05,-2.3775789e-05,9.362285e-08,-2.4390224e-06,1.1277303e-06,2.4335176e-07,-2.4641635e-05,4.187366e-06,-5.795959e-06,-0.0002371529,1.21670155e-05,1.5091885e-05,3.0508987e-05,1.9530497e-05,-2.0350524e-05,5.995295e-05,2.0108332e-06,0.00026544338,1.1567712e-07,-4.4728972e-07,2.2866918e-05,-3.2936603e-06,1.5254791e-05,-5.0950525e-06,9.5161863e-07,-0.00029111118,8.418496e-06,1.1542429e-05,-9.477344e-05,1.1514573e-05,-2.2001941e-05,6.6924463e-06,5.9051035e-06,-6.062858e-05,1.6815975e-06,-1.5358459e-05,-7.5374264e-06,3.8986764e-06,-5.44903e-05,2.0192323e-05,3.8966414e-06
CA*BT,-0.13266354327698002,0.0156099,1.9175847956898172e-17,-4.6684236e-05,5.239107e-05,7.3149895e-06,2.2325933e-06,1.3931453e-05,-1.5822284e-06,-1.2968715e-06,1.16478395e-05,0.00010429223,0.00024366897,1.594853e-05,-0.00037163007,7.5027805e-05,0.00023159201,0.00010852632,-1.1693797e-05,-0.00026709036,-3.2435335e-05,-2.5548668e-05,-1.2448332e-05,-9.236202e-06,-3.957651e-05,1.846136e-05,1.4620995e-05,2.6545553e-05,4.5189536e-05,-6.6903876e-06,-5.7369143e-05,-1.3327346e-05,-7.0394155e-05,-1.451253e-05,-1.2863694e-05,8.347062e-06,9.507481e-06,-5.2597316e-06,-4.720409e-06,-2.2450015e-06,-8.2009305e-05,7.0453534e-06,3.756748e-07,-5.033154e-05,7.5031014e-05,-1.4158406e-05,-4.1204483e-05,-3.1119915e-05,-0.00019652105,5.2278505e-05,-6.197987e-06,5.9457474e-05,-2.9371863e-06,6.6707395e-07,4.8416507e-05,-5.579195e-06,2.1628435e-05,-5.635571e-07,5.077762e-06,5.7856007e-05,4.8947488e-05,7.693689e-06,4.1274237e-05,8.68966e-06,-0.00016842765,8.5008867e-07,-1.3343363e-05,1.1558999e-05,6.484205e-05,-4.3265427e-05,-0.00012648082,-1.4831679e-05,-6.568687e-05,-9.9063094e-08,-9.920725e-06
CA*BU,-0.184465635758496,0.03181696,6.722490713288022e-09,-5.447489e-05,1.2526372e-05,7.892644e-05,4.809219e-06,1.3128211e-05,5.5458054e-06,-5.825865e-06,1.3457378e-05,0.00012291514,1.594853e-05,0.001012319,-0.0006972151,0.000108273016,-0.00026974914,0.0003783836,-1.4169021e-05,-4.8853457e-05,-1.3309449e-05,2.7927008e-05,6.7359956e-06,-1.1590153e-05,1.1978651e-05,-3.790523e-05,-3.031981e-05,0.00023517963,-8.7441316e-05,-3.78175e-05,0.00029666102,-0.00011802925,3.0730822e-05,-9.236676e-05,-0.00013378574,3.0471234e-05,-8.937958e-06,2.639406e-05,-9.476781e-06,-2.4024053e-05,0.0002867539,-2.5032174e-05,-3.3247346e-05,0.00031493296,-1.3793793e-05,0.00024039566,-0.00039836788,-4.4114393e-05,-0.00024579465,0.00016033459,-4.847411e-06,-9.226242e-05,1.0403633e-05,-3.9934268e-05,2.7896664e-05,1.114051e-05,-9.766049e-05,-2.0162995e-05,7.552903e-06,0.0003130344,2.8055281e-05,0.00017087907,-0.0011249352,1.382141e-05,2.266291e-05,1.6619866e-05,2.1772034e-05,0.00018152437,-2.6028825e-05,0.00017727517,2.9274124e-06,-1.775238e-05,-2.6088392e-05,-0.00011933011,-7.979881e-06
CA*CS,-0.07006392363921964,0.13542612,0.604905563837425,-0.00014275215,1.334862e-05,5.174031e-06,6.6896587e-06,-5.1157826e-06,3.6159134e-05,3.298683e-05,9.753271e-06,0.00031098913,-0.00037163007,-0.0006972151,0.018340236,0.00013712767,-0.0025355476,-0.0008129833,-0.00024831988,0.0011641424,7.808211e-06,-2.012836e-05,5.481222e-05,-3.0238325e-05,-5.4900112e-05,6.569557e-05,-5.273675e-05,0.00060821435,-1.01249625e-05,5.239726e-06,0.0013169062,-5.904385e-05,-0.00012599929,-8.072999e-05,8.913666e-05,8.391483e-06,1.5343068e-05,4.881779e-05,-1.2407403e-05,4.3185824e-05,-0.00011760828,2.3919543e-05,1.6429658e-05,-0.00036523063,-7.738602e-05,-0.00015318193,0.0038610979,3.7754e-05,-0.0003071684,-0.0007315577,-3.794453e-05,0.00097222504,8.685241e-06,3.70467e-05,-0.0009348646,-2.6141113e-05,-0.00023625595,0.00014875189,1.8373157e-05,-0.00053733465,-0.00013372077,-0.00022290066,0.0049478337,-7.9829384e-05,-0.000663175,-8.676498e-05,-0.00024307365,0.00038221947,-5.0493225e-05,0.0003623341,0.0007430639,3.1844795e-06,4.0208335e-05,-0.00027091312,-9.041968e-07
CA*CD,-0.26321068629342487,0.029695742,7.748284169375766e-19,-8.824371e-05,1.6929073e-06,1.9177709e-05,6.158311e-07,0.0004901528,-3.5254328e-09,6.455625e-07,1.8646142e-05,0.00019687403,7.5027805e-05,0.000108273016,0.00013712767,0.0008818371,6.3865955e-05,0.00031724133,3.6254485e-05,9.319205e-05,-4.0097484e-06,-5.8341625e-06,-1.0406366e-05,4.382541e-06,-1.3307183e-05,4.688478e-06,1.4915514e-06,0.00014524531,-2.4904122e-05,-2.2514196e-05,-0.00017287386,8.3091676e-05,-7.2781215e-05,2.0592947e-06,-3.196087e-05,2.6141288e-05,-6.302912e-07,-1.1081656e-05,-1.5777335e-06,8.840191e-05,-2.985633e-06,-5.910061e-06,-1.5449901e-05,0.007905612,-0.00044674045,-0.00040339385,-0.0009257879,-0.00059556053,-0.0010446206,-0.0003256547,-0.00012588977,7.338471e-05,-1.396796e-06,-3.968973e-07,2.9281497e-05,-4.819171e-06,-6.143664e-06,-1.22343245e-05,4.3080017e-06,0.00024250787,6.0904886e-06,2.0408497e-05,-0.00044667587,0.00027049117,-0.00013244696,-4.4969074e-06,-2.8496383e-06,6.2074396e-05,-1.361313e-05,-1.6419803e-05,-8.393768e-05,0.00019186176,-0.0002354543,-8.0231075e-07,-1.8084156e-05
CA*DP,-0.19778145628266033,0.07883956,0.012119094634704983,-0.00014845165,-3.0091962e-05,-2.9595253e-06,-5.32296e-06,6.390676e-05,3.6568577e-05,5.540821e-05,4.785867e-06,0.00032081298,0.00023159201,-0.00026974914,-0.0025355476,6.3865955e-05,0.0062156767,-0.0019117785,0.00026886718,0.00013555467,2.3547243e-05,5.26664e-05,4.1493753e-05,-9.575175e-06,2.92495e-05,-0.00020396858,0.00010338213,0.0006093373,-3.0342695e-05,1.5697206e-05,0.00019043815,-3.8096485e-05,0.00040192436,-7.734979e-05,4.9287362e-05,0.00019666241,-1.5246268e-06,-1.1442777e-05,1.086917e-05,1.5972351e-05,0.00038253,4.8334176e-05,1.568626e-05,-0.0014252791,-0.000117283096,-0.00018472907,-0.0001509772,-0.00011475057,0.0026455212,-0.0010909637,-5.7359193e-05,6.571048e-06,-4.1190113e-05,2.2514616e-05,1.4078135e-05,-2.6888527e-05,-0.00012507114,0.0001409325,4.7345043e-06,-0.0011393306,-0.000149324,-0.00018926697,0.0006373495,-0.00016161824,0.001540967,-8.479348e-05,-0.00023776025,0.0004662556,-4.9940645e-06,8.1271464e-05,3.4715064e-05,-2.1789261e-05,0.0011063357,-0.00015427008,-5.8888695e-06
CA*CH,-0.2510394360239796,0.06637553,0.0001555057844075845,-0.0001397637,2.6137619e-05,9.722027e-06,-4.3315454e-06,-2.1354566e-05,6.7992382e-06,-7.994853e-06,7.748703e-06,0.00030682044,0.00010852632,0.0003783836,-0.0008129833,0.00031724133,-0.0019117785,0.004405711,-0.0003783465,0.00049500575,-2.7795051e-05,-7.940578e-05,-4.6870366e-05,-6.253862e-06,-1.6475167e-06,0.00040742848,-0.00013145102,-0.0005099613,-1.1538671e-06,-7.1590266e-06,0.0001085143,-4.4081526e-06,-0.00016006472,0.00030282378,-0.00015195164,1.8593988e-05,6.6972016e-06,-3.5799065e-05,8.164938e-06,3.584958e-06,0.00028448788,0.0004099462,-8.220434e-05,0.0017276198,9.357503e-06,9.913667e-05,-0.00032748492,-1.4367578e-06,-0.00047102006,0.0011664096,-7.533789e-05,-0.00017196189,8.479787e-06,-1.8843524e-05,0.0006901543,8.566008e-06,-0.00012720324,-0.00014398214,-6.437853e-06,0.005416146,5.3158637e-06,2.867179e-05,0.0007301721,-4.8820693e-05,0.00022546653,5.8031652e-05,-9.052637e-06,-0.0009682664,-6.1667088e-06,-0.00030501295,-0.00031313332,-2.2757997e-05,-7.8969766e-05,0.0004630906,-7.470424e-06
CA*BV,-0.1198387483998758,0.021204835,1.590700770863323e-08,-2.2733315e-05,-2.4665205e-06,1.9228646e-06,1.9755412e-06,-2.7527365e-06,-4.5728143e-06,-2.1398466e-05,3.2657623e-05,5.2004078e-05,-1.1693797e-05,-1.4169021e-05,-0.00024831988,3.6254485e-05,0.00026886718,-0.0003783465,0.000449645,-6.494753e-05,9.576029e-07,6.327608e-06,-9.105832e-06,2.9558447e-07,1.0247944e-05,-9.964496e-05,4.580421e-05,2.4821766e-05,-4.7704116e-06,-3.680724e-06,-0.00027665732,-4.7130916e-06,6.396146e-05,-6.178599e-05,0.000120846256,-3.5341887e-05,-4.726611e-06,1.6940385e-06,-3.929126e-06,-4.6401674e-06,-2.6697722e-05,-5.9085058e-05,2.1773943e-05,-0.000400051,3.0724354e-06,-2.7127104e-05,0.00010493513,-3.1870095e-06,0.00017805015,-0.00015971753,8.967867e-05,-8.78079e-05,4.485506e-06,8.016449e-06,-0.00010794391,1.2124708e-05,5.91265e-05,-9.336886e-06,-2.826665e-05,-0.00040886214,1.4951999e-05,-1.0303079e-06,-0.00042099043,2.7754848e-05,7.435097e-05,3.110533e-05,0.00015363285,0.000400188,-3.8867653e-05,4.1477957e-05,2.5206497e-05,-4.1618543e-05,8.181122e-06,-4.31907e-05,-2.1854908e-05
BT*CA,0.5557434715414573,0.62675667,0.3752418698962581,-2.1227444e-05,-0.00063198095,-0.0002025797,9.900297e-05,0.0003097024,5.0127164e-06,-7.75163e-05,-0.00034234775,4.958912e-05,-0.00026709036,-4.8853457e-05,0.0011641424,9.319205e-05,0.00013555467,0.00049500575,-6.494753e-05,0.39282393,-0.0037249024,0.0037549776,-0.014404343,0.0019230645,-0.003608921,-0.015433543,-0.0023971754,0.030300012,0.00035963365,6.0190625e-05,0.0053711818,-0.00015588832,-0.003933601,-0.0019822586,-8.490918e-05,0.0061725117,0.00016193077,-6.396786e-05,-0.00019510895,-0.00021370957,-0.0016703918,0.00062616175,-0.0001016311,0.016350932,-0.00027855553,-0.00038392638,0.0033053712,-0.0008659745,-0.0040517855,-0.0016819754,-0.0001145773,-0.0005903381,1.1056253e-05,-5.796018e-05,0.0024011298,-0.00021773034,0.00032080375,-0.00017617506,9.036985e-05,0.014102622,1.25084625e-05,-3.6166944e-05,0.006714635,-0.00010074972,-0.0030922687,6.83599e-05,-0.00015939362,0.044753443,0.00041777227,-0.00037745014,0.0024013743,2.8099166e-06,-0.0036793523,-0.002293881,0.00022104537
BT*BT,-1.0242585776699447,0.04277325,1.0112086333716768e-126,-1.6333681e-06,-0.0011423657,-0.00010591699,-3.3635397e-06,-4.560262e-05,-4.2820384e-06,-2.0756728e-05,-0.00011115074,3.6496458e-06,-3.2435335e-05,-1.3309449e-05,7.808211e-06,-4.0097484e-06,2.3547243e-05,-2.7795051e-05,9.576029e-07,-0.0037249024,0.0018295508,-2.2333257e-05,-0.0008353111,-6.275778e-05,-0.0005830568,0.00034415023,0.00020988323,0.00015537483,-5.1031842e-05,6.319496e-05,0.0005908768,0.00015052228,0.00036665623,-1.1292675e-05,5.795683e-05,-1.3075344e-05,-2.2761651e-05,-5.0712754e-07,7.0242654e-06,1.0773316e-05,6.0060556e-05,-6.3304695e-05,2.3908578e-05,4.973058e-07,-0.00010408227,-9.408355e-06,0.00058105064,5.016623e-05,0.0003853608,-3.4979308e-05,-1.864748e-05,0.00010166638,-4.6013643e-05,-7.6807555e-06,6.3323845e-05,1.6135307e-05,-1.0221752e-05,1.9280809e-07,4.9799532e-06,3.8074355e-05,-2.4151026e-05,-6.81508e-07,0.00010185765,3.517538e-05,6.521815e-05,2.1478223e-05,2.326502e-05,0.0002445415,-0.00016661409,-0.00015346726,0.0010859601,8.827077e-05,0.00039754136,7.813436e-05,7.335707e-05
BT*BU,-0.07990580694109793,0.08108623,0.324406843923544,-5.2579094e-07,-0.0005792265,9.112293e-06,3.93657e-06,4.5144854e-05,7.0808034e-07,7.696896e-06,-6.3397642e-06,1.1540064e-06,-2.5548668e-05,2.7927008e-05,-2.012836e-05,-5.8341625e-06,5.26664e-05,-7.940578e-05,6.327608e-06,0.0037549776,-2.2333257e-05,0.0065749777,0.00017725414,0.0001728697,-0.00039200738,-0.004298263,0.0007605576,0.00018727925,9.583737e-05,1.4110309e-05,0.00035136615,-1.8826995e-05,0.00015924664,6.433313e-05,-4.0726038e-05,-8.600394e-05,-9.831458e-06,4.554554e-05,-8.316069e-06,-3.3172215e-05,-3.0484264e-06,-7.274428e-05,-1.8519167e-05,9.421156e-06,-9.028672e-05,0.00017293257,-0.0007727092,-0.00012048683,-0.00022317335,-9.4196796e-05,-2.1689524e-05,-8.329997e-05,-1.5330343e-05,2.2991197e-05,0.00019720705,-2.5410998e-05,-8.847757e-06,-1.9773886e-05,-5.563442e-06,-0.00047382925,-6.9525026e-06,4.3382526e-05,-0.00026195214,-4.0468858e-05,0.00013457633,-6.6074276e-06,-2.938863e-05,-8.6463406e-05,-0.00015784377,0.00040891673,-0.00013383146,-5.3328982e-05,-7.377213e-05,-0.00014728872,-7.3573374e-06
BT*CS,-0.12840124335462025,0.17584248,0.46526424002875655,1.0554909e-06,2.8082086e-05,-5.869707e-06,3.9081053e-05,2.4513725e-05,1.1784748e-05,-1.2130101e-05,-0.000108099426,-2.2848121e-06,-1.2448332e-05,6.7359956e-06,5.481222e-05,-1.0406366e-05,4.1493753e-05,-4.6870366e-05,-9.105832e-06,-0.014404343,-0.0008353111,0.00017725414,0.030920578,0.00036012995,-0.00034619984,-0.00088228734,-9.6462245e-05,-0.0010511926,-2.46302e-05,-3.192584e-05,0.0061963233,-0.00014446219,-0.0007357717,-9.189108e-05,-0.00038868457,7.259575e-05,7.8790144e-05,2.9255927e-05,-7.7044955e-05,-1.4375913e-05,-9.575506e-05,-0.0003102446,0.00011897219,0.00012818772,-3.0060202e-05,-8.181195e-05,0.0038052925,-0.00013380148,-0.00017692434,-9.060682e-05,-6.2857084e-06,0.00067700393,1.8314495e-05,1.4405446e-05,9.246044e-05,-5.3015397e-06,-0.00019483674,-0.00014236892,-9.336371e-06,-0.00018908642,3.543118e-05,-1.0729245e-05,0.0019484074,-7.8222496e-07,-0.00019014452,1.1391426e-05,2.901254e-06,-0.00050952134,0.00026969903,-0.0002651906,0.0039778724,2.8316561e-05,-0.00064409355,-0.00010243681,8.779252e-05
BT*CD,-0.09705872791756437,0.05079397,0.05602620386783918,-1.0061137e-06,-0.0002486977,-5.4980697e-05,-5.702779e-06,-0.00010349364,3.1533457e-06,-1.0042958e-05,-3.798354e-05,2.2173604e-06,-9.236202e-06,-1.1590153e-05,-3.0238325e-05,4.382541e-06,-9.575175e-06,-6.253862e-06,2.9558447e-07,0.0019230645,-6.275778e-05,0.0001728697,0.00036012995,0.0025800273,0.00029471278,0.00077279046,0.00032586223,3.0102594e-05,4.4555356e-05,2.460544e-05,-0.000561115,0.00026762704,-5.8317557e-05,7.022642e-05,8.952549e-05,-1.9809702e-05,-4.2886604e-06,-6.8496415e-06,1.11089e-05,2.68499e-05,-8.7538116e-05,1.2733544e-05,-1.5249343e-06,-0.00032159506,0.00023259623,8.8223496e-05,-0.0002467049,0.00026742372,0.0001670854,-9.8867145e-05,6.134637e-05,-0.0001545223,6.4698525e-06,-1.0358879e-05,-0.000113202404,1.8447194e-05,-2.9544528e-05,-6.314759e-06,-5.7455795e-06,1.1834792e-07,1.7127031e-05,-2.9249506e-07,-0.00022586192,4.6079982e-05,-6.975033e-05,9.469946e-06,2.3235267e-05,0.00023317419,-2.220141e-05,-2.0186366e-05,-0.00010450093,0.00023199366,-0.00036951905,0.00015382419,9.636294e-06
BT*DP,-0.0830516277270562,0.14571464,0.5687043109223191,7.649627e-08,-0.00011251452,-6.4144086e-05,-1.4361818e-05,-8.39422e-05,-1.971219e-05,-1.0099441e-05,-1.4072573e-05,-1.957055e-07,-3.957651e-05,1.1978651e-05,-5.4900112e-05,-1.3307183e-05,2.92495e-05,-1.6475167e-06,1.0247944e-05,-0.003608921,-0.0005830568,-0.00039200738,-0.00034619984,0.00029471278,0.021232758,-0.00011674428,0.00034566407,-0.0011302013,0.000107621854,4.6614707e-05,-0.0011693493,-5.5230812e-05,0.0019053322,-0.00019718552,0.00011792126,-0.00035638805,6.912604e-07,-2.5929347e-05,2.841163e-05,1.16505724e-07,0.0009717531,3.9939474e-05,-4.2472286e-05,-0.000441815,-2.8738466e-05,-4.160086e-05,4.784982e-05,4.521279e-05,0.0021104275,6.330388e-05,-1.5498785e-05,0.00020795182,-9.264308e-05,5.8858377e-06,-3.6874217e-06,4.7217003e-05,0.00032464365,9.030548e-05,3.9552175e-05,-0.0007413137,1.1599073e-05,-2.6804617e-05,-0.0005931863,-4.0587896e-05,0.001071592,4.9189143e-06,-8.787663e-06,-0.0016323944,-0.00014141934,-0.00022171419,-0.00056070846,-0.00014550581,0.0027851623,-0.0001237366,9.735107e-06
BT*CH,-0.9358389919712676,0.1945817,1.5131493047687456e-06,-4.608585e-06,-0.0011209053,-4.267344e-05,-1.7109214e-05,0.000113147806,1.5003161e-05,1.9398047e-05,-0.0003994712,1.0368485e-05,1.846136e-05,-3.790523e-05,6.569557e-05,4.688478e-06,-0.00020396858,0.00040742848,-9.964496e-05,-0.015433543,0.00034415023,-0.004298263,-0.00088228734,0.00077279046,-0.00011674428,0.03786204,0.0016860833,-0.002684844,7.4088516e-06,2.803951e-05,0.002677165,-0.00030756954,-0.0008946648,0.0039095213,-0.0011422342,1.106748e-05,-4.006635e-05,-1.1951781e-05,3.3431188e-05,6.43825e-05,0.0001593461,0.001500108,-0.00023244518,0.0007899869,-0.00037564817,-2.9851877e-05,0.0013492173,-0.00045685793,-0.0014620597,0.0040140874,2.2419646e-05,6.434821e-05,-3.3283068e-05,-2.9207931e-06,-0.00079022575,-5.1961633e-05,-4.3056894e-05,0.00024028386,2.0161237e-06,-0.0007489816,0.0004269624,0.00012612891,0.0035110167,-6.500899e-05,0.00030492336,6.219251e-05,-1.7534678e-05,-0.0020514685,0.00016704829,0.0007625165,-0.0010478576,0.0007531866,-0.0019132276,0.0032177456,0.0001511166
BT*BV,-0.039630498205548446,0.07940708,0.6177229182044593,5.9612245e-07,-0.0007780944,-7.991121e-05,4.8344987e-06,0.00011003534,5.5692766e-07,-1.795481e-05,6.8999885e-05,-1.3513344e-06,1.4620995e-05,-3.031981e-05,-5.273675e-05,1.4915514e-06,0.00010338213,-0.00013145102,4.580421e-05,-0.0023971754,0.00020988323,0.0007605576,-9.6462245e-05,0.00032586223,0.00034566407,0.0016860833,0.006305485,0.00067364564,4.621273e-05,3.9581308e-05,-0.0011953668,8.689981e-05,0.0002258683,-0.00023072379,0.0006373747,-4.8973736e-05,-2.1913092e-06,-1.8109506e-05,-9.574985e-06,-1.8298982e-05,-0.00019089384,-0.00022222515,0.000120337216,0.0004760858,-0.00013841697,-0.00014828233,-7.211116e-05,-0.00024334833,-0.0007356044,0.00027557978,0.00011769844,0.00026127024,3.642033e-05,-1.3809929e-05,-2.8816406e-05,-1.8761233e-05,-7.1063834e-05,-2.0985532e-05,1.0217647e-05,0.00014794791,4.624204e-06,-1.5998058e-06,-0.00022282911,5.9217993e-05,-0.00018541692,1.9068455e-05,9.625087e-05,0.0007149434,0.00043006573,0.000112447146,9.210354e-05,-0.00015791671,-0.00040029813,-0.00011237844,-9.600342e-06
BU*CA,0.2519970018654496,0.487828,0.605456793271836,-3.6332115e-06,-0.00038083328,-0.00085237843,8.666129e-05,0.00031746083,-8.4379164e-05,1.0616998e-05,-0.00019265768,1.0243239e-05,2.6545553e-05,0.00023517963,0.00060821435,0.00014524531,0.0006093373,-0.0005099613,2.4821766e-05,0.030300012,0.00015537483,0.00018727925,-0.0010511926,3.0102594e-05,-0.0011302013,-0.002684844,0.00067364564,0.23797615,-0.00047919163,-0.00019220728,-0.04733571,0.0017202502,-0.012257512,0.0013367801,0.0012176101,0.0077636354,-0.00030617212,0.00035326288,-0.00017079955,-0.0007656571,0.0018871655,-0.0031182754,6.372678e-05,0.025531963,-0.000482134,0.00031309843,-0.01483456,-0.00063325523,-0.0028821996,-0.0012580835,7.380001e-05,0.0025921462,3.8091635e-05,7.5676304e-05,1.9893876e-05,-3.218731e-05,0.0014365659,-0.00013454417,2.7121429e-05,0.012870505,-5.741021e-05,0.0002642349,-0.012026844,-7.738973e-07,-0.0006217597,-5.006475e-05,-7.2412935e-05,0.04719666,-0.00029647793,0.001728325,-0.005175187,0.0001734163,0.0038746684,-0.0058554807,6.461654e-05
BU*BT,-0.5898751736748784,0.034062356,3.470556043782834e-67,2.3122666e-07,0.00020722182,-0.00046059935,8.4596095e-06,-0.00018164786,1.0532598e-05,-2.5139574e-05,-9.51613e-05,-5.170235e-07,4.5189536e-05,-8.7441316e-05,-1.01249625e-05,-2.4904122e-05,-3.0342695e-05,-1.1538671e-06,-4.7704116e-06,0.00035963365,-5.1031842e-05,9.583737e-05,-2.46302e-05,4.4555356e-05,0.000107621854,7.4088516e-06,4.621273e-05,-0.00047919163,0.001160244,0.00043781655,-0.0013882362,0.0004766507,-5.4710174e-05,3.6321837e-06,0.00083501654,-0.00010855357,8.395109e-05,-5.59857e-05,-1.8482986e-05,-4.583218e-05,-0.00029538848,4.414607e-06,-8.84671e-06,0.00015212785,0.000611163,-0.00012308588,-0.00020880025,0.00025313266,0.00022669006,0.00036015126,4.9803475e-05,-0.0001838858,7.029552e-05,-3.917945e-05,-0.00021030588,-1.7272892e-05,-7.846628e-05,7.738669e-07,-2.7758385e-06,9.659119e-05,0.00016955132,-4.696211e-05,-5.270391e-05,-5.267113e-07,-4.88191e-05,3.248625e-05,3.2951797e-05,-0.0003936097,0.00056127965,-0.00028377946,-0.00032728887,9.539866e-05,0.00020903001,0.00022043438,5.5767996e-05
BU*BU,-0.9999510510391636,0.031807497,6.203606412401721e-217,-6.7935815e-07,-6.176546e-05,-0.00043429475,-3.8550893e-06,-0.00019768656,-1.2485623e-06,-1.7708846e-05,-0.00011639679,1.5450955e-06,-6.6903876e-06,-3.78175e-05,5.239726e-06,-2.2514196e-05,1.5697206e-05,-7.1590266e-06,-3.680724e-06,6.0190625e-05,6.319496e-05,1.4110309e-05,-3.192584e-05,2.460544e-05,4.6614707e-05,2.803951e-05,3.9581308e-05,-0.00019220728,0.00043781655,0.0010117169,-0.0010559617,0.00019375366,-0.00043975867,-0.00024760477,0.00077135756,-2.1988864e-05,-4.1315266e-06,-4.666187e-07,7.851607e-06,2.4679448e-06,-3.1035324e-05,2.2051775e-06,1.8236185e-05,0.00023885978,0.00013126872,0.00011752941,0.00066003954,0.0002886075,0.0005352285,0.0003005661,3.4516615e-05,-5.1274837e-05,-1.5153289e-06,-1.1206948e-05,-0.000104055725,9.832877e-07,2.4747904e-05,2.245121e-05,-1.0363535e-07,0.000118343385,-8.539001e-08,1.0255838e-05,0.00011787514,-1.354654e-06,6.5465974e-05,2.3157467e-05,1.7440409e-05,-0.00013344584,6.820291e-05,-5.2313477e-05,0.00032472512,8.456061e-05,0.00039247892,0.00019661288,8.676853e-05
BU*CS,-1.3662879325847461,0.38526636,0.0003906125693465302,-5.9088366e-06,-0.00049350056,-0.00020276822,0.00048606432,-0.0007551881,-3.0020703e-05,-0.00010701753,-0.0018208633,1.4203996e-05,-5.7369143e-05,0.00029666102,0.0013169062,-0.00017287386,0.00019043815,0.0001085143,-0.00027665732,0.0053711818,0.0005908768,0.00035136615,0.0061963233,-0.000561115,-0.0011693493,0.002677165,-0.0011953668,-0.04733571,-0.0013882362,-0.0010559617,0.14843017,-6.539414e-05,-0.010470761,-0.0011988531,-0.009174341,0.00026332153,-0.00021533799,0.001404414,-0.0010026654,9.50956e-05,0.001857412,-0.00089399103,0.00023313366,-0.0027555858,-0.00051249674,0.0016979417,0.04590157,0.00081208005,0.0036776525,-0.0033105288,-6.365271e-05,-0.0026753726,-1.0199758e-05,1.4426771e-05,0.004493515,4.524427e-05,0.0009532335,0.0006073195,-0.00016854523,-0.007815057,-0.00016257045,5.8744205e-05,0.026231293,-0.00030875925,0.002553573,0.000118845186,-0.00036755495,-0.0014189063,0.00074856984,0.00079858326,0.018195065,0.0014023667,0.0062858793,0.0004406839,0.0016149469
BU*CD,-0.337133975703054,0.06189372,5.123166420497947e-08,-2.0281846e-06,-0.00012802868,-0.0006912673,-1.4741415e-05,0.00031832999,1.1185829e-05,-4.5545665e-05,-0.00021727796,4.4575754e-06,-1.3327346e-05,-0.00011802925,-5.904385e-05,8.3091676e-05,-3.8096485e-05,-4.4081526e-06,-4.7130916e-06,-0.00015588832,0.00015052228,-1.8826995e-05,-0.00014446219,0.00026762704,-5.5230812e-05,-0.00030756954,8.689981e-05,0.0017202502,0.0004766507,0.00019375366,-6.539414e-05,0.0038308327,0.0005475443,0.00057907845,0.0013654315,-6.8053436e-05,-2.0125059e-05,5.249074e-05,2.8756103e-05,0.00027920908,-0.00048341136,-0.00017277255,9.659439e-05,-0.0013771672,-0.00025528084,0.0008822246,0.0012710765,-0.0001784069,-0.0012317615,-0.00074202404,3.5094642e-06,-0.0003822426,-2.109655e-05,1.43367315e-05,-0.00029136034,0.00010586438,-0.00013435738,-3.2796606e-06,-1.0385145e-05,0.00012906555,7.5982343e-06,7.7781704e-05,-0.00039760498,0.000397433,-0.0002263343,3.406035e-05,9.323633e-05,0.00023072388,0.00011571109,2.5130226e-05,0.00039954434,0.0006545989,1.6110567e-05,0.00043104525,0.00014377553
BU*DP,-0.26865942471264054,0.16169992,0.09661926652785308,3.118564e-06,-0.00029098714,-0.0003723141,-4.5910245e-05,-0.00050619553,-2.283267e-05,-2.7577304e-05,-0.00015154808,-6.9326898e-06,-7.0394155e-05,3.0730822e-05,-0.00012599929,-7.2781215e-05,0.00040192436,-0.00016006472,6.396146e-05,-0.003933601,0.00036665623,0.00015924664,-0.0007357717,-5.8317557e-05,0.0019053322,-0.0008946648,0.0002258683,-0.012257512,-5.4710174e-05,-0.00043975867,-0.010470761,0.0005475443,0.026146866,-0.0022834784,0.0011598581,-0.000573948,-0.000106431886,0.00010018933,9.424793e-05,-6.265197e-05,0.005187301,-0.00033261543,-5.9816524e-05,-0.001968612,9.540557e-05,0.00044980613,-0.001172012,0.0005865995,0.010505681,0.00043154205,7.9401645e-05,0.0015976148,3.65037e-05,1.0805877e-06,0.00042047878,0.0001449228,0.0014299974,-8.7892055e-05,5.1082618e-05,-0.0017354818,-0.00015384785,7.9883146e-05,-0.0013518283,-7.548348e-05,0.0042867432,-1.7602227e-06,-0.0001064378,0.0006248867,-0.00019707176,0.0005788518,-0.0010656209,-0.00017652263,0.010547492,-0.0020092132,0.00011154824
BU*CH,-0.1830994568428362,0.08495696,0.03114598525247814,-2.8069553e-06,-7.9291836e-05,-0.00016047977,-1.6114767e-05,5.543858e-05,1.2412176e-05,-4.177477e-05,-0.0004806663,6.198726e-06,-1.451253e-05,-9.236676e-05,-8.072999e-05,2.0592947e-06,-7.734979e-05,0.00030282378,-6.178599e-05,-0.0019822586,-1.1292675e-05,6.433313e-05,-9.189108e-05,7.022642e-05,-0.00019718552,0.0039095213,-0.00023072379,0.0013367801,3.6321837e-06,-0.00024760477,-0.0011988531,0.00057907845,-0.0022834784,0.007217685,-0.0012190661,-0.00047795245,2.2283579e-05,-3.7579473e-05,3.1118223e-05,5.0775623e-05,-0.00037373145,0.0018919804,-0.00024891476,-0.00030011302,-9.0943824e-05,5.7415113e-05,0.00031694843,-0.00019085042,-0.0009920329,0.0026311323,-3.876741e-05,0.00021016476,-4.409917e-05,3.301863e-05,-0.000660793,-5.7649042e-05,-2.1180127e-05,0.00022536059,3.2468702e-06,0.00012562076,5.3527445e-05,0.00016506187,0.0049956907,4.3599455e-05,0.00030649922,0.00012919471,-1.0643691e-05,-0.0054013077,0.00043674698,0.0009026946,-0.0009716629,0.00075540197,-0.0015303605,0.0037057812,0.00026548904
BU*BV,-0.6402795262651998,0.07791003,2.0659504326309173e-16,4.6844616e-06,-5.2733998e-05,-0.0008161557,-1.18364505e-05,-0.000107213644,2.5013293e-05,-6.22398e-05,0.00040503152,-1.0637346e-05,-1.2863694e-05,-0.00013378574,8.913666e-05,-3.196087e-05,4.9287362e-05,-0.00015195164,0.000120846256,-8.490918e-05,5.795683e-05,-4.0726038e-05,-0.00038868457,8.952549e-05,0.00011792126,-0.0011422342,0.0006373747,0.0012176101,0.00083501654,0.00077135756,-0.009174341,0.0013654315,0.0011598581,-0.0012190661,0.0060699726,-0.00036187505,-4.997019e-05,-6.8415575e-05,2.286717e-05,-3.7339647e-05,-0.00052207353,-0.00037693078,0.0004919753,-0.00086224225,0.00014689677,-0.00023796363,-0.0013327459,0.00018563427,0.0004715614,-0.0002964632,0.00036351784,-0.00052408956,-2.8059607e-05,-2.6343392e-05,0.00020852762,-2.208074e-05,-0.00025892438,9.8043725e-05,7.886563e-05,-5.2475178e-05,-5.5933753e-05,-1.8186814e-05,0.000543944,7.162287e-05,-0.00046309197,8.10745e-05,0.00040041597,0.0009649069,-0.0005815934,0.0033850474,0.0011687718,-0.00040198606,-0.0013188523,-0.000115040486,-0.00033617977
CS*CA,-0.1718606123554976,0.16410933,0.29499240459632625,1.0983815e-05,-3.7786373e-05,-7.5242525e-07,-0.00017295805,-6.3657867e-06,-1.39607e-05,-7.886532e-06,-3.7728416e-05,-2.3775789e-05,8.347062e-06,3.0471234e-05,8.391483e-06,2.6141288e-05,0.00019666241,1.8593988e-05,-3.5341887e-05,0.0061725117,-1.3075344e-05,-8.600394e-05,7.259575e-05,-1.9809702e-05,-0.00035638805,1.106748e-05,-4.8973736e-05,0.0077636354,-0.00010855357,-2.1988864e-05,0.00026332153,-6.8053436e-05,-0.000573948,-0.00047795245,-0.00036187505,0.026931874,-8.749413e-05,-3.057344e-05,0.00034615447,0.00019291214,-0.0039833994,-0.00015473804,-0.00035007708,0.012381254,-0.00013910343,-7.061671e-05,-0.001252106,-2.4214762e-05,-0.001990108,-0.000103492595,-0.00019953305,0.0034832717,-9.0817186e-05,2.5483556e-05,-7.41378e-05,-2.2557662e-05,-0.00026308838,-3.3801993e-05,-6.931825e-06,0.013440715,-5.2465242e-05,-0.00018371751,-0.0018259428,1.8237315e-05,-0.0019903318,-4.009689e-05,-0.00024350332,0.0021434426,-1.8997187e-05,-0.00025164842,0.0004933825,-6.009422e-05,0.0002548138,-5.3305695e-05,2.6950762e-05
CS*BT,-0.10580712559458941,0.01287673,2.0878788084760136e-16,-3.99078e-08,4.8340327e-05,1.077708e-06,-6.961017e-05,-5.4218553e-06,1.3632832e-06,-2.3830448e-06,-2.2798083e-06,9.362285e-08,9.507481e-06,-8.937958e-06,1.5343068e-05,-6.302912e-07,-1.5246268e-06,6.6972016e-06,-4.726611e-06,0.00016193077,-2.2761651e-05,-9.831458e-06,7.8790144e-05,-4.2886604e-06,6.912604e-07,-4.006635e-05,-2.1913092e-06,-0.00030617212,8.395109e-05,-4.1315266e-06,-0.00021533799,-2.0125059e-05,-0.000106431886,2.2283579e-05,-4.997019e-05,-8.749413e-05,0.0001658102,1.1683116e-05,0.00014218387,0.00011040138,0.0003076456,0.00020839933,1.5121514e-05,1.9896715e-05,0.00012103321,-3.35936e-05,-0.00033494062,-6.4444516e-06,2.1476496e-06,6.298902e-05,-9.4132565e-06,-0.00016776734,2.4179448e-05,-9.958418e-06,1.669095e-05,-2.8958693e-06,8.867062e-06,8.108457e-06,-6.49506e-06,-1.7617178e-05,6.701838e-05,-1.451848e-05,-0.00022827814,2.0866273e-06,-1.3031754e-05,1.0696748e-06,-1.9785193e-05,-6.3801155e-05,7.10338e-05,-2.4092245e-05,-3.047293e-05,-2.949896e-06,-3.4364362e-05,-7.7082495e-06,1.7810564e-06
CS*BU,-0.09195636304570358,0.022531336,4.47911708764705e-05,1.0984825e-06,-2.327859e-06,1.4996111e-05,-4.385073e-05,1.7976463e-05,3.854821e-06,2.637654e-06,-6.916617e-06,-2.4390224e-06,-5.2597316e-06,2.639406e-05,4.881779e-05,-1.1081656e-05,-1.1442777e-05,-3.5799065e-05,1.6940385e-06,-6.396786e-05,-5.0712754e-07,4.554554e-05,2.9255927e-05,-6.8496415e-06,-2.5929347e-05,-1.1951781e-05,-1.8109506e-05,0.00035326288,-5.59857e-05,-4.666187e-07,0.001404414,5.249074e-05,0.00010018933,-3.7579473e-05,-6.8415575e-05,-3.057344e-05,1.1683116e-05,0.0005076611,8.904448e-05,6.045743e-05,-0.00082209904,-0.00017768619,9.206746e-05,-0.0004813881,-4.60971e-05,0.00029636058,0.000121807374,-4.5956687e-05,-0.000418317,-0.00024634734,2.3243389e-05,-1.8381981e-05,-1.1958832e-05,3.7008864e-05,7.7958175e-05,-8.350205e-06,-5.7063324e-05,-2.6576698e-05,-4.9491546e-06,-0.0013483544,-1.2406567e-05,0.00011428959,0.00030022685,-2.4980493e-05,-9.443003e-05,9.63284e-06,-1.7318404e-06,0.00017748114,-1.2887925e-05,0.00015578956,6.421932e-05,3.564328e-06,2.7605804e-05,-9.1853755e-05,5.910711e-06
CS*CS,-0.2556967479961175,0.02258468,1.0247722575028201e-29,-5.095706e-07,-2.5437801e-05,-1.7260807e-05,-0.00018608249,-3.715719e-05,-4.4975536e-06,-1.615725e-05,-3.7911968e-06,1.1277303e-06,-4.720409e-06,-9.476781e-06,-1.2407403e-05,-1.5777335e-06,1.086917e-05,8.164938e-06,-3.929126e-06,-0.00019510895,7.0242654e-06,-8.316069e-06,-7.7044955e-05,1.11089e-05,2.841163e-05,3.3431188e-05,-9.574985e-06,-0.00017079955,-1.8482986e-05,7.851607e-06,-0.0010026654,2.8756103e-05,9.424793e-05,3.1118223e-05,2.286717e-05,0.00034615447,0.00014218387,8.904448e-05,0.0005100678,0.0003051568,0.000948094,0.00041325038,0.00014085682,4.2806696e-06,-8.425493e-06,-2.556868e-05,-0.00086723303,4.8375903e-05,0.00033193734,0.000102168844,2.8888597e-05,-1.6796705e-05,-4.4818817e-06,-6.5557315e-06,-3.6323618e-05,7.666111e-06,4.644433e-05,1.11229865e-05,-2.9175632e-07,-0.00011375082,-5.2528803e-06,-1.0944302e-05,-0.00083245453,3.532412e-05,0.00013689362,1.583536e-05,3.677849e-05,-9.3377086e-05,-3.67785e-05,-3.79498e-05,-5.858462e-06,4.283603e-06,-6.3846055e-05,3.571099e-05,2.005115e-06
