Param name,Param value,Param stdv,Param p-value,CA,BT,BU,CS,CD,DP,CH,BV,CA*CA,CA*BT,CA*BU,CA*CS,CA*CD,CA*DP,CA*CH,CA*BV,BT*CA,BT*BT,BT*BU,BT*CS,BT*CD,BT*DP,BT*CH,BT*BV,BU*CA,BU*BT,BU*BU,BU*CS,BU*CD,BU*DP,BU*CH,BU*BV,CS*CA,CS*BT,CS*BU,CS*CS,CS*CD,CS*DP,CS*CH,CS*BV,CD*CA,CD*BT,CD*BU,CD*CS,CD*CD,CD*DP,CD*CH,CD*BV,DP*CA,DP*BT,DP*BU,DP*CS,DP*CD,DP*DP,DP*CH,DP*BV,CH*CA,CH*BT,CH*BU,CH*CS,CH*CD,CH*DP,CH*CH,CH*BV,BV*CA,BV*BT,BV*BU,BV*CS,BV*CD,BV*DP,BV*CH,BV*BV
CA,0.2571514919051349,0.007539562,5.817646672932579e-255,5.6844998e-05,-8.266074e-08,-1.6759473e-06,7.526623e-08,7.870793e-06,1.1357051e-06,2.7998733e-06,-7.61971e-07,-0.00012606551,-5.6143643e-05,-5.066039e-05,-0.00015338685,-9.939581e-05,-0.00019300205,-0.00015777648,-3.1916865e-05,-0.00017334773,-1.1865747e-06,-1.1397733e-06,5.0784674e-06,1.4777365e-07,4.4955264e-06,1.266937e-06,-2.1452902e-06,-0.00026469582,1.5341371e-06,1.9673276e-07,-5.5618925e-06,2.9909272e-06,9.721263e-06,5.8409732e-06,-4.1155772e-07,1.24882e-06,-2.7625438e-07,2.5190533e-07,-1.2854643e-07,-4.3607506e-07,7.412307e-06,-3.9784295e-06,1.465912e-06,6.974502e-05,-8.087369e-06,-6.487077e-06,-3.844997e-05,-9.930093e-06,-1.3496996e-06,-2.2614779e-05,-3.1991747e-06,-0.00014798816,-4.3760886e-07,4.2707896e-08,-2.3240787e-06,1.4735958e-06,-1.3443794e-05,-2.9278792e-06,3.3470965e-07,0.00014319831,-3.9985357e-06,-5.7489488e-06,4.6680925e-06,-5.194097e-06,7.5485927e-06,-3.9497654e-06,-3.8619396e-06,-0.00025877563,3.1547415e-08,-8.439412e-06,1.902288e-05,2.6387083e-06,4.1450796e-05,3.56079e-06,-1.8357287e-06
BT,0.8206746001701622,0.03524211,6.0380603753942976e-120,-8.266074e-08,0.0012420063,0.0001288502,-4.6923246e-06,-3.7226828e-06,-8.642896e-06,2.2187502e-05,0.00012177811,1.8636393e-07,4.0552615e-05,4.2547497e-05,6.7683606e-05,1.2657006e-06,-8.395151e-05,7.68242e-05,3.3069322e-05,0.00059128023,-0.0013385299,-0.00063740683,0.00015143173,-0.00020892305,-5.339851e-05,-0.0011592939,-0.00048828058,-0.0011475347,0.00025058794,-8.5379404e-05,-0.000663903,-0.00016953453,-0.0004001052,-0.00013369076,-6.1356484e-05,-0.00012530216,0.00010722869,-1.0017638e-05,8.698022e-06,5.8225605e-06,-6.5950306e-05,5.0025494e-05,-1.3201661e-05,-0.000196815,0.00041662206,1.5114455e-05,-0.0004964568,3.3689754e-05,-0.00031881646,4.3235617e-05,7.967437e-06,-0.000111177345,0.00013746314,1.2201608e-06,-8.159061e-05,6.541356e-06,-2.8590297e-05,9.83906e-05,-2.5050196e-05,-0.00018603927,0.000103785635,-1.3738141e-05,-0.00034888764,-4.1389358e-05,-5.082123e-05,-2.4674997e-05,-1.23826985e-05,-0.0018340582,0.0004855052,0.00015156655,-0.0016035606,-0.00012861281,-0.00020474306,-0.000104124105,-7.71945e-05
BU,0.729397538299991,0.024106182,4.132490542919671e-201,-1.6759473e-06,0.0001288502,0.000581108,5.602187e-06,0.00020490671,1.0747945e-05,2.6751968e-05,0.00019427297,3.6734277e-06,1.681614e-05,0.00011602696,-7.109735e-05,3.1808413e-05,-3.1707208e-05,5.661064e-05,4.3983957e-05,-0.00027946208,-0.00014560012,1.8080289e-05,4.107619e-06,-5.313851e-05,-6.7301495e-05,-0.000116123774,-5.471222e-05,-0.0014121729,-0.0005411867,-0.0005796577,-0.00014676694,-0.0007720934,-0.00040043026,-0.00035053724,-0.00093832385,-4.2423526e-05,7.910909e-07,1.8283681e-05,-1.1817506e-05,-1.8071414e-06,-1.9662222e-05,-1.6906248e-05,-1.9687855e-05,-0.00014795134,-0.00014478041,3.8170892e-05,-0.00071265624,-0.00030714675,-0.0006946379,-0.0003361243,-6.0378417e-05,9.121636e-05,-7.176327e-06,3.0282728e-05,1.220005e-05,-2.7585207e-05,-5.2898846e-05,-6.9330476e-05,-6.757954e-06,-8.3386854e-05,-1.08370705e-05,5.0120554e-05,-0.00030014158,-1.6100972e-05,-0.00013245778,-3.3529148e-05,-2.026504e-05,0.0005346595,-0.00010951587,0.00017960848,-0.00078437163,-0.00019350676,-0.00075503037,-0.00036189726,-0.0001575914
CS,0.2608363302173154,0.010580462,3.4478815278184253e-134,7.526623e-08,-4.6923246e-06,5.602187e-06,0.00011194619,1.4908746e-05,3.6296628e-06,6.3970056e-06,6.451434e-06,-1.7096507e-07,5.8950043e-08,-7.5827916e-06,-5.6770576e-05,1.9096278e-06,-1.5489535e-05,-1.6078326e-05,3.9549686e-06,0.000125875,5.900217e-06,5.197438e-06,4.523105e-05,-4.762573e-06,-1.8462542e-05,-3.1478816e-05,1.0031668e-05,0.0004598746,-1.6066577e-05,-1.1529899e-06,0.00046989307,-8.028905e-06,-5.6432484e-05,-4.432846e-05,3.7203434e-05,-0.00011028944,-0.00012828401,-4.9960705e-05,-0.00023516413,-0.000195045,-0.000600542,-0.00036490458,-3.2082626e-05,1.3006241e-05,-3.504295e-05,1.2262558e-05,0.00049573905,-1.3446864e-05,-0.00020100015,-0.000115741044,1.01509395e-05,2.8011045e-05,-1.1970674e-05,6.3645534e-06,5.977286e-06,-1.4701889e-05,-2.5729187e-06,-5.1165618e-05,1.8340386e-05,0.00011023357,-2.3972496e-05,5.7873444e-06,0.000433225,-1.5487018e-05,-0.000112640715,-5.686489e-06,6.3420784e-06,0.0003715352,-1.0372239e-05,2.9223309e-05,1.4423842e-05,-2.2743811e-06,8.964182e-06,-2.663541e-05,-4.1118437e-06
CD,0.9451758256619321,0.078246154,1.3551172513572669e-33,7.870793e-06,-3.7226828e-06,0.00020490671,1.4908746e-05,0.006122461,5.9511818e-05,6.432008e-05,0.00027751902,-1.7993598e-05,1.2061394e-05,2.743121e-07,6.0014514e-05,0.00058815145,0.00014072355,-8.140681e-05,-3.9750917e-06,0.001853828,-1.677045e-05,5.656406e-05,1.9699824e-05,-0.00015204889,-6.318775e-05,0.00019936766,7.964627e-05,0.003690579,-0.00019101938,-0.00022330973,-0.0015329313,0.0003615004,-0.0008176628,0.00016571062,-8.372794e-05,6.686453e-05,-5.3975896e-06,3.3842032e-05,-3.2851192e-05,0.00047317974,-0.00017140004,1.5073107e-05,-1.1476716e-05,-0.0063690394,-0.004794669,-0.003032517,-0.012100841,-0.009643812,-0.013414163,-0.009589427,-0.001163051,0.00089299574,-4.312556e-05,-2.1117261e-05,-2.8426766e-05,0.00034129384,-0.0006950986,-5.0567054e-05,-1.3892241e-05,-0.00029066327,2.039257e-05,1.4244629e-05,-0.00046372117,0.001077785,-0.000109459885,-0.00012680663,-1.0645079e-05,0.0041266647,-0.00012327361,0.00014746415,-0.0011434758,0.0010970277,-0.0017689379,-3.1405933e-05,-0.00031123744
DP,0.2865140167315685,0.015156113,1.0534688460026923e-79,1.1357051e-06,-8.642896e-06,1.0747945e-05,3.6296628e-06,5.9511818e-05,0.00022970776,3.8838198e-06,2.0654867e-05,-2.4387734e-06,-2.1281023e-06,1.4059952e-05,3.8388283e-05,-3.6777947e-06,3.7108417e-05,7.5448343e-06,-1.13211645e-05,0.00018293483,6.585096e-06,1.2545054e-05,1.9869847e-05,2.3730427e-06,-1.7069635e-05,3.4078334e-05,-7.533762e-06,-4.2401996e-05,-2.3466766e-06,9.1773835e-08,-5.705162e-05,6.673868e-06,-6.74873e-05,3.7319205e-05,1.93403e-05,1.6946298e-05,-6.707367e-06,1.12281305e-05,-7.370218e-06,-7.314102e-07,0.00044304156,-7.655262e-06,5.7584357e-06,2.881969e-05,-5.8131955e-05,3.137347e-05,-7.4952906e-05,-8.060438e-05,0.0006028098,-3.846424e-05,4.872942e-06,0.00042674236,-0.00021153915,-5.9364993e-05,-0.00011464013,-0.000288969,-0.001262395,-0.00038640806,-0.000109731714,-4.440185e-05,-5.7245406e-06,1.7157787e-05,9.142364e-05,4.8621773e-06,0.00029739417,-3.5946753e-06,1.0183085e-06,0.0008296958,-2.4837384e-05,0.00022378587,-0.00012999424,-3.6894726e-06,0.0005924284,-0.00010520418,-4.307397e-06
CH,0.45937176139712477,0.0116647035,0.0,2.7998733e-06,2.2187502e-05,2.6751968e-05,6.3970056e-06,6.432008e-05,3.8838198e-06,0.0001360653,6.1708315e-06,-6.097918e-06,-4.220045e-06,-3.266574e-05,7.9288584e-05,-4.348654e-06,9.460811e-05,-5.315637e-06,-1.9781102e-05,6.4733846e-05,-2.2950115e-05,3.6946446e-06,-2.0686912e-05,-8.927313e-06,-9.387583e-06,1.2815796e-05,-4.6895384e-06,0.00035423273,-2.052812e-05,-1.7216833e-05,-0.00018459206,-4.2936525e-05,-5.293603e-05,-7.1659015e-05,-1.3375459e-05,-2.4816229e-05,-5.047203e-06,-6.168205e-06,-1.3372937e-05,-9.469993e-06,9.582466e-07,-5.484309e-05,-9.220959e-06,-0.00028639814,-5.1058498e-05,-8.559104e-05,-0.00028106276,-6.945597e-05,-0.0001528176,-9.26896e-05,-5.0780505e-05,4.756886e-05,-3.4413401e-06,-4.972538e-06,-3.571102e-06,-9.867193e-06,-8.527932e-06,7.853987e-07,-1.1626194e-06,-0.001102201,-0.000110247245,-0.00016960657,-0.0007081856,-0.00022668319,-0.000108627035,-0.0001510936,-0.00012247048,0.0004317338,4.0201076e-06,7.257122e-05,-0.00016225908,-1.6966351e-07,-0.00014328098,5.240815e-06,5.832382e-06
BV,0.8930592027165828,0.03471269,5.806701750077427e-146,-7.61971e-07,0.00012177811,0.00019427297,6.451434e-06,0.00027751902,2.0654867e-05,6.1708315e-06,0.0012049709,1.6525138e-06,3.2614673e-05,7.073514e-05,2.2052113e-06,3.258937e-05,2.8475899e-05,-9.48422e-06,4.4862732e-05,-0.0009462224,-0.00011816218,-1.24951e-05,-0.00013258295,-4.2139844e-05,2.2115633e-05,-0.0005596985,4.089196e-05,-0.0011324601,-0.00010478085,-0.00013784565,-0.0017588919,-0.00024470067,-0.0001616667,-0.0007967859,0.0006404841,-3.564717e-05,-9.973375e-06,-2.5998748e-05,-1.3516465e-05,6.0312886e-06,-4.9930117e-05,-4.498223e-05,2.5639823e-05,-0.00033053593,-0.00019460263,-0.00018858357,-0.000754362,-0.0004227402,-0.00038812088,-0.00027044918,2.9449466e-05,0.0001120542,-1.5431107e-05,-3.8634946e-05,-4.5702636e-05,3.1431842e-05,-0.00020629284,-8.539631e-06,3.2010325e-05,4.408266e-05,-9.459969e-06,-2.2119388e-05,-5.4119577e-05,6.1856124e-05,-7.846945e-05,-9.163175e-06,-1.3904098e-05,-0.0011778118,-0.0011830869,-0.001744461,0.0008520641,-0.0012857822,-0.0010285251,-0.00084137806,-0.0012783371
CA*CA,-0.2864674034373594,0.018276446,2.2731234611706336e-55,-0.00012606551,1.8636393e-07,3.6734277e-06,-1.7096507e-07,-1.7993598e-05,-2.4387734e-06,-6.097918e-06,1.6525138e-06,0.00033402845,0.00012376092,0.00011439218,0.00032579008,0.0002190477,0.00041200564,0.00034044537,7.308399e-05,0.00038516702,2.6178118e-06,2.4463707e-06,-1.17762775e-05,-3.0693926e-07,-9.742533e-06,-2.1743624e-06,4.7211333e-06,0.0005879556,-3.3428253e-06,-4.0953196e-07,1.0011473e-05,-6.5905497e-06,-2.1115953e-05,-1.2261518e-05,8.0563575e-07,-2.2992888e-06,6.043384e-07,-4.9463597e-07,2.955522e-07,9.3850633e-07,-1.6219385e-05,8.486099e-06,-3.192008e-06,-0.00015040916,1.8191766e-05,1.4926048e-05,8.418454e-05,2.3110098e-05,1.9261263e-06,4.920376e-05,7.344407e-06,0.00033280702,9.150395e-07,-2.0049134e-07,4.985525e-06,-3.1325487e-06,2.8619454e-05,6.775639e-06,-1.0150336e-06,-0.00031609292,8.5764095e-06,1.2616313e-05,-1.0122408e-05,1.112813e-05,-1.722788e-05,8.613533e-06,8.330808e-06,0.00057318277,-3.6349093e-09,1.8236711e-05,-4.3615466e-05,-5.8731757e-06,-8.9554145e-05,-7.261812e-06,4.0363316e-06
CA*BT,-0.1480985187966048,0.018793512,3.265952761321043e-15,-5.6143643e-05,4.0552615e-05,1.681614e-05,5.8950043e-08,1.2061394e-05,-2.1281023e-06,-4.220045e-06,3.2614673e-05,0.00012376092,0.0003531961,5.277081e-05,-0.0012063825,9.277867e-05,0.0005239828,0.00014084743,-2.6138694e-05,-0.0025266563,-2.8947392e-05,-3.153411e-05,-5.4181733e-06,-1.26175355e-05,-0.00011016991,4.766716e-05,3.1885807e-05,-0.00042704,-1.6160207e-05,-1.4902224e-05,0.00016698742,-1.6916001e-05,-2.9959498e-05,-2.5434898e-05,-7.5657586e-06,2.726996e-06,6.810233e-06,-6.2821305e-06,-4.003376e-07,5.260909e-06,-9.300644e-05,2.7849828e-05,9.61014e-07,-1.3611184e-05,6.363274e-05,-1.6050461e-07,-6.835485e-05,-3.2690743e-05,-0.00017402622,0.00012594646,-7.5474536e-06,0.00014417837,-6.847157e-06,-4.5030056e-06,2.065035e-08,-1.2185677e-06,1.540844e-05,3.1951215e-05,2.7902818e-06,1.6051878e-05,5.565329e-05,2.5855812e-05,-7.622017e-05,1.565578e-05,-0.00015276682,5.069638e-06,-7.188928e-06,1.748791e-06,-1.7410684e-05,-0.00010642822,-4.5392902e-05,-4.6138965e-05,3.34437e-05,7.535287e-05,-2.524882e-05
CA*BU,-0.23218919087279777,0.043110657,7.208767584739956e-08,-5.066039e-05,4.2547497e-05,0.00011602696,-7.5827916e-06,2.743121e-07,1.4059952e-05,-3.266574e-05,7.073514e-05,0.00011439218,5.277081e-05,0.0018585289,-0.0029728354,0.0001584169,-0.000870441,0.0011310903,-1.2505692e-05,-0.001344913,-4.0604904e-05,-5.1434763e-05,-3.947943e-08,5.1180136e-06,2.2033173e-05,-0.0003091134,-9.70567e-06,-0.0059014796,-4.1650746e-05,-8.0209626e-05,-3.799434e-05,-0.00014235066,-0.0006063901,-0.00047136727,1.6891512e-05,0.000100300305,-2.752543e-06,4.5903565e-05,1.6727585e-05,-3.2078751e-06,0.0005257627,-8.6154105e-06,-4.585496e-05,0.00033258615,3.8262384e-05,0.00037593037,-0.00070406334,-3.8947404e-05,-0.0007727912,0.0005227216,2.632334e-05,0.00012158443,7.675379e-06,-3.5530873e-05,9.471534e-06,3.8967866e-07,-0.00030958108,-0.000115876755,2.0695823e-05,0.0004529115,7.559002e-05,0.0003224213,-0.0017099481,7.262416e-05,-0.00015281346,5.179761e-05,8.3219355e-05,-0.0012783748,-3.0543983e-05,-5.799418e-05,0.00012264008,-5.7580663e-05,-0.0005979795,-0.00016075185,-4.788077e-05
CA*CS,0.14413478228482746,0.2088424,0.49009323227791657,-0.00015338685,6.7683606e-05,-7.109735e-05,-5.6770576e-05,6.0014514e-05,3.8388283e-05,7.9288584e-05,2.2052113e-06,0.00032579008,-0.0012063825,-0.0029728354,0.043615144,-4.3465618e-05,-0.0073518106,-0.0020062665,-0.001364999,0.005856792,4.4230208e-05,9.370249e-05,-0.0021832343,-4.426559e-05,0.0007048612,0.00084273476,-6.280715e-05,0.01154177,0.00022773017,0.00014025222,-0.0048403936,-1.2882235e-06,0.00081466214,0.0014438778,0.00010241914,-0.000201126,9.3120434e-05,5.816939e-05,0.00012255821,0.00011011332,0.00027943964,0.00026539213,6.5443724e-05,-0.0007396665,-0.00014336985,-0.00058271363,0.00459691,-2.2899501e-05,-0.00016385133,-0.0009061877,-0.00014735777,-0.00028735035,6.442045e-05,8.559566e-05,-0.00040344842,-2.2140259e-05,-0.00021865148,0.00024687394,0.00014369586,0.00040130474,-0.00022343869,-0.0005818171,0.0069886786,-0.0001462876,-0.0009847363,-0.00019703443,-0.00041543806,-0.0008955902,0.00022906205,1.0423921e-05,-0.00428281,-3.0200217e-05,0.0036023678,0.0012745784,2.0310029e-06
CA*CD,-0.2787086028164742,0.03148494,8.586879772691272e-19,-9.939581e-05,1.2657006e-06,3.1808413e-05,1.9096278e-06,0.00058815145,-3.6777947e-06,-4.348654e-06,3.258937e-05,0.0002190477,9.277867e-05,0.0001584169,-4.3465618e-05,0.0009913015,1.9241925e-05,0.00045340107,4.9512884e-05,0.00028250902,-6.8328386e-06,-4.442238e-07,-9.7124175e-06,-1.2864833e-05,-7.5093444e-06,-1.4909089e-05,8.745831e-06,0.00041550747,-3.4151988e-05,-3.7300375e-05,-0.00027671322,2.5338184e-05,-7.291718e-05,-2.9857974e-05,-1.35330165e-05,3.2846917e-06,-2.6984933e-06,-2.8285467e-06,-4.177011e-06,9.533506e-05,-9.233296e-05,1.5384873e-06,-8.966417e-06,0.0067454516,-0.0005044086,-0.0004257497,-0.0007758937,-0.0007447036,-0.0009834613,-0.00057767896,-0.00021522173,-5.004345e-05,1.984134e-06,-1.2197518e-06,-1.3721302e-05,3.0986503e-05,4.392913e-05,-2.314705e-05,3.6075414e-06,2.7529602e-05,9.721339e-06,4.06158e-05,-0.00026946855,0.00030500046,-0.00020337688,1.3149985e-06,1.5036931e-05,0.00066144485,-2.221291e-05,5.1728755e-05,-0.00016875059,0.00014041571,-0.00050986477,-4.4322813e-05,-3.068919e-05
CA*DP,-0.19175285691802763,0.10691965,0.07290428034195785,-0.00019300205,-8.395151e-05,-3.1707208e-05,-1.5489535e-05,0.00014072355,3.7108417e-05,9.460811e-05,2.8475899e-05,0.00041200564,0.0005239828,-0.000870441,-0.0073518106,1.9241925e-05,0.011431812,-0.0039932188,0.00068742083,0.0014633595,2.0255735e-05,1.9234934e-05,0.0005359043,1.9798861e-05,-0.00051277666,0.0006800962,0.000105605206,0.0030380983,-8.338955e-05,6.215203e-05,-1.1879765e-05,4.3155596e-05,-0.0004075186,0.0006391564,9.648087e-05,0.00019480845,8.037462e-07,-5.137239e-05,3.2672466e-05,1.5438502e-05,0.00032958967,-3.9526705e-05,7.713218e-05,-0.0010890554,-0.00021371231,-0.00044229854,-0.0012840466,-0.00021345717,0.0036534567,-0.0019409986,-4.488588e-05,0.00079147535,-0.00010279584,-8.694887e-06,-5.3764285e-05,-3.9828425e-05,-9.0443085e-05,0.00037051685,-2.8160213e-05,-0.0019636333,-0.0002146397,-0.00036486605,-0.00029165868,-0.00025903937,0.0021416661,-0.00013627239,-0.00022178599,0.006397922,-0.0001368292,-0.00026517082,0.00048643711,-5.059588e-05,-0.0007306966,0.0009824077,-5.291718e-05
CA*CH,-0.32446143849596665,0.0820963,7.743425231771536e-05,-0.00015777648,7.68242e-05,5.661064e-05,-1.6078326e-05,-8.140681e-05,7.5448343e-06,-5.315637e-06,-9.48422e-06,0.00034044537,0.00014084743,0.0011310903,-0.0020062665,0.00045340107,-0.0039932188,0.006739803,-0.00056246377,-0.00028910657,-4.418515e-05,-3.9802962e-05,0.000111289955,-3.0508423e-05,0.00019138523,-0.00084773306,-8.186775e-05,-0.0033269338,3.061791e-06,-7.76585e-05,0.0018338151,-7.940262e-05,-8.0715865e-05,-0.00091088645,-7.832172e-05,-0.00024848804,4.1661267e-05,5.266686e-05,3.1257936e-05,6.192654e-05,-0.00020464888,0.00022463819,-2.4019211e-05,0.0019294417,9.6018295e-05,0.00025906344,0.00040390308,0.00011495616,-0.0017656075,0.0015217576,-0.00012549483,-0.000934579,2.8181872e-05,-3.0264937e-05,0.00035298752,-4.6563764e-05,-4.871996e-05,-0.00020882151,4.417485e-05,0.0073364736,2.9841449e-05,4.0075756e-05,0.00076238136,-6.256581e-05,5.2661726e-06,7.768289e-05,-4.090692e-05,-0.0034286773,5.8111742e-05,0.00039546523,0.00037173292,1.9743864e-05,0.00018501139,-0.0011787785,6.187648e-05
CA*BV,-0.14936248766445606,0.031201718,1.6929656877019977e-06,-3.1916865e-05,3.3069322e-05,4.3983957e-05,3.9549686e-06,-3.9750917e-06,-1.13211645e-05,-1.9781102e-05,4.4862732e-05,7.308399e-05,-2.6138694e-05,-1.2505692e-05,-0.001364999,4.9512884e-05,0.00068742083,-0.00056246377,0.0009735473,-0.0011743656,-4.0012124e-05,2.877796e-05,-5.0976512e-05,3.7697844e-06,-6.0843762e-05,-0.00013592467,1.1116664e-05,-0.0006944743,-1.585148e-05,-2.5530477e-05,-0.00085876655,-5.917933e-05,8.607069e-05,-0.00019192195,1.8041635e-05,-4.841004e-05,-9.24136e-06,-1.9089392e-05,-7.750396e-06,-1.9887311e-05,7.600233e-05,-4.5105004e-05,-1.5548387e-05,-0.00050287775,1.5363334e-05,-4.3240965e-05,-0.00039962985,1.0384971e-05,0.00041968652,-0.00051197095,0.00012768456,0.0002537755,1.09898065e-05,3.5742087e-06,-3.3626467e-05,3.527708e-05,6.158344e-05,2.234007e-05,-0.00013858447,-0.0011348367,1.1395914e-05,-3.4635075e-05,-0.0004835293,1.1055187e-05,0.0002410214,4.276465e-05,0.00017093873,-0.0027727818,1.4662364e-05,0.00046214953,-0.0005299654,-1.4073388e-05,-0.0010060016,-0.00060452253,-3.9464398e-05
BT*CA,2.2794625388864245,0.9887532,0.02114469577198026,-0.00017334773,0.00059128023,-0.00027946208,0.000125875,0.001853828,0.00018293483,6.4733846e-05,-0.0009462224,0.00038516702,-0.0025266563,-0.001344913,0.005856792,0.00028250902,0.0014633595,-0.00028910657,-0.0011743656,0.97763294,-0.009635406,0.007408348,-0.049065452,0.0034733603,-0.0044880933,-0.026070004,-0.0037232249,0.20987111,0.0014507408,4.6342855e-05,-0.0067033647,-0.0007386776,-0.01316761,-0.00561535,-6.341127e-05,0.015343192,0.0006207222,3.424532e-05,-0.00024184024,-0.00068139535,-0.001105089,-0.00014430012,6.7747154e-05,0.034283068,-0.0003924645,-0.0010149722,-0.0074942457,-0.0033691074,-0.016012268,-0.011994885,9.7741045e-05,0.00838249,0.0002654946,2.6918433e-05,0.001253238,-0.0014280839,0.0009511968,-0.00306255,0.00092500634,0.027145805,0.0002014258,-0.00043520288,0.0044528963,-0.00068470096,-0.0067921137,-0.00020879114,-0.00022831646,0.29345316,0.0021736275,0.0036597308,-0.0104077775,0.0011179814,-0.025029551,-0.008325576,0.00030414778
BT*BT,-1.0342152431375082,0.047226418,2.6506139808301533e-106,-1.1865747e-06,-0.0013385299,-0.00014560012,5.900217e-06,-1.677045e-05,6.585096e-06,-2.2950115e-05,-0.00011816218,2.6178118e-06,-2.8947392e-05,-4.0604904e-05,4.4230208e-05,-6.8328386e-06,2.0255735e-05,-4.418515e-05,-4.0012124e-05,-0.009635406,0.0022303346,-4.352272e-05,-0.0015728897,-0.00013704943,-0.00071026117,0.00045671297,0.00014004378,-0.00029141235,-8.0092075e-05,9.991953e-05,0.00069048634,0.00021170995,0.0006775909,-2.3866503e-05,0.00011581191,-5.642229e-06,-7.0675465e-05,4.869393e-07,-1.1655448e-05,5.4613793e-06,0.00013441891,-8.427437e-05,1.2781784e-05,-0.00024358634,-0.00021188353,-3.42112e-05,0.0007602186,1.6523238e-05,0.0006470917,-6.381329e-05,-2.7261003e-05,8.532778e-05,-0.00011763148,-3.8172966e-06,0.00010108454,1.4305835e-05,3.8327154e-05,-9.217375e-05,2.405195e-05,-4.9367836e-06,-5.889325e-05,-1.1769798e-06,0.00026279181,5.706786e-05,0.00012965182,2.2307939e-05,1.174513e-05,1.2803124e-05,-0.00031065883,-0.00028707046,0.0019378396,0.00011692466,0.0006144975,5.9095706e-05,8.01524e-05
BT*BU,0.026466286985908596,0.0855417,0.7570200788836701,-1.1397733e-06,-0.00063740683,1.8080289e-05,5.197438e-06,5.656406e-05,1.2545054e-05,3.6946446e-06,-1.24951e-05,2.4463707e-06,-3.153411e-05,-5.1434763e-05,9.370249e-05,-4.442238e-07,1.9234934e-05,-3.9802962e-05,2.877796e-05,0.007408348,-4.352272e-05,0.0073173833,0.00018891634,0.00017101494,-0.00041830755,-0.00499257,0.0004813228,0.0022741612,0.000115445844,9.6096555e-06,0.00014494512,-3.0894502e-05,4.1127867e-05,8.5042164e-05,-8.193151e-05,-5.2459873e-06,-1.4673705e-05,8.6523236e-05,-1.0777206e-05,-4.8961207e-05,-0.0001381497,-0.000100598554,-1.00074785e-05,0.00014969998,-0.0001205974,0.0002347589,-0.001008538,-0.00013995613,-0.00043974863,-0.00019310701,-2.248231e-05,-0.00017568505,-4.1753963e-05,3.3762848e-05,8.501505e-05,-6.454189e-05,3.686444e-05,-6.8079535e-05,-2.099564e-05,-0.0003401214,-1.6397858e-05,8.328537e-05,-0.00024042363,-3.6417154e-05,2.1842347e-05,-5.500399e-06,-1.5900452e-05,0.0006364994,-0.00020371375,0.0005732394,-0.00032851147,-3.7131904e-05,-0.00025268178,-0.00022594853,-9.694973e-06
BT*CS,-0.1395233895775229,0.246456,0.5713129794104531,5.0784674e-06,0.00015143173,4.107619e-06,4.523105e-05,1.9699824e-05,1.9869847e-05,-2.0686912e-05,-0.00013258295,-1.17762775e-05,-5.4181733e-06,-3.947943e-08,-0.0021832343,-9.7124175e-06,0.0005359043,0.000111289955,-5.0976512e-05,-0.049065452,-0.0015728897,0.00018891634,0.06074056,0.00064858195,-0.0003242601,-0.0014729071,-4.2010935e-05,-0.007932749,7.380659e-06,-3.4923305e-05,0.014709332,-0.00034269918,-0.0024643529,-0.00015940952,-0.00082697696,-0.00028512374,0.00026188523,0.000108166074,-8.4869804e-05,6.928946e-05,-2.8241788e-05,-0.00028652532,0.00013692178,-0.00053172756,5.3649306e-05,-0.00015912073,0.008565593,-0.00018687885,-0.00046956455,-0.00026594827,-5.8541853e-05,0.000882333,4.5379697e-05,6.23872e-05,0.00037346818,-5.515413e-05,5.2520772e-05,-0.0008942292,2.4307334e-05,-0.0012504776,0.00010486288,-3.7166068e-05,0.00445305,3.945303e-06,-0.00051143847,7.685028e-06,-6.0297407e-05,-0.008995365,0.0003885591,-0.000994479,0.014557012,-5.1853327e-05,-0.0027286534,-0.00075029425,0.00012196012
BT*CD,-0.007000646876149561,0.051364187,0.8915886152609729,1.4777365e-07,-0.00020892305,-5.313851e-05,-4.762573e-06,-0.00015204889,2.3730427e-06,-8.927313e-06,-4.2139844e-05,-3.0693926e-07,-1.26175355e-05,5.1180136e-06,-4.426559e-05,-1.2864833e-05,1.9798861e-05,-3.0508423e-05,3.7697844e-06,0.0034733603,-0.00013704943,0.00017101494,0.00064858195,0.0026382797,0.00033411826,0.0008072963,0.00020821187,-5.293613e-05,5.155769e-05,2.542069e-05,-0.00044262508,0.00024864447,-0.0001220241,0.00010122988,6.0479262e-05,-3.0160118e-06,-5.7350326e-06,-1.0981013e-05,9.190958e-06,2.0260106e-05,-7.012679e-05,1.757236e-05,-4.5545703e-06,-0.00022807377,0.0002604731,0.000101164085,-0.00010379855,0.0003310804,0.00028381436,3.7453254e-05,7.4903655e-05,-7.2667586e-05,9.1096235e-06,-9.991112e-06,-5.8754453e-05,2.0160067e-05,-7.993964e-05,1.1185193e-05,-1.1100537e-05,4.43623e-05,1.5281172e-05,4.24183e-08,-0.00018730076,2.8134393e-05,-6.639413e-05,1.0105471e-05,1.5150497e-05,0.0004545035,-1.43995185e-05,-2.2921387e-05,-0.00017648334,0.00021461939,-0.00037108286,0.00017061147,1.43110865e-05
BT*DP,-0.024761788963189566,0.15392457,0.8721960803147775,4.4955264e-06,-5.339851e-05,-6.7301495e-05,-1.8462542e-05,-6.318775e-05,-1.7069635e-05,-9.387583e-06,2.2115633e-05,-9.742533e-06,-0.00011016991,2.2033173e-05,0.0007048612,-7.5093444e-06,-0.00051277666,0.00019138523,-6.0843762e-05,-0.0044880933,-0.00071026117,-0.00041830755,-0.0003242601,0.00033411826,0.023692774,-0.0002152491,0.00021516108,-0.0042822477,0.00014088716,4.3167554e-05,-0.0017660065,-6.5314016e-05,0.003009376,-0.00048747717,0.00022636644,-0.00044877012,-1.9885174e-05,-5.3866912e-05,3.6065532e-05,2.2448643e-05,0.0011555136,2.3295328e-05,-2.9433993e-05,-0.0008101301,-9.706932e-05,-9.2193026e-05,-0.00014506365,3.3715034e-05,0.002634275,0.0002840929,1.7908693e-05,-3.1973224e-05,-0.00015080537,7.713962e-06,3.445241e-05,9.0136e-05,0.00034458487,0.00013041365,8.983108e-05,-0.00091800746,-1.1163191e-05,-5.489934e-05,-0.0008233052,-6.102297e-06,0.0013486382,2.2981837e-06,-7.235461e-07,-0.0037658992,-0.00017855162,-0.00031280812,-0.0012643456,-0.00014545614,0.003980037,-0.00014171693,-1.2584695e-05
BT*CH,-0.9957963795525709,0.20709102,1.5206990532935587e-06,1.266937e-06,-0.0011592939,-0.000116123774,-3.1478816e-05,0.00019936766,3.4078334e-05,1.2815796e-05,-0.0005596985,-2.1743624e-06,4.766716e-05,-0.0003091134,0.00084273476,-1.4909089e-05,0.0006800962,-0.00084773306,-0.00013592467,-0.026070004,0.00045671297,-0.00499257,-0.0014729071,0.0008072963,-0.0002152491,0.04288669,0.001134046,-0.0051461626,-5.1603896e-05,-2.3399318e-06,0.002929084,-6.047329e-05,-0.0025566781,0.007268402,-0.0015669985,-0.00038860692,-0.00011495118,-1.2931001e-05,6.0129416e-05,0.00012392063,-0.00014477079,0.0021034994,-0.00013133434,-0.00015552295,-0.0005160593,2.2371925e-05,0.0016920856,-0.0006219296,-0.0017638948,0.004577732,8.827519e-05,-0.00015061886,-0.00014110326,-2.6387266e-05,-0.00050321926,-5.4495384e-05,-0.0004361059,0.00087406347,-4.1843916e-05,-0.0020765103,0.00042685855,0.00027796603,0.005662604,-4.931871e-05,8.798941e-05,0.0001122358,3.3375873e-05,-0.011671615,0.00014831257,0.0007152185,-0.0017311746,0.0009612527,-0.0011656617,0.0056062993,0.00029320814
BT*BV,0.025671418409680666,0.06350088,0.6860151427515191,-2.1452902e-06,-0.00048828058,-5.471222e-05,1.0031668e-05,7.964627e-05,-7.533762e-06,-4.6895384e-06,4.089196e-05,4.7211333e-06,3.1885807e-05,-9.70567e-06,-6.280715e-05,8.745831e-06,0.000105605206,-8.186775e-05,1.1116664e-05,-0.0037232249,0.00014004378,0.0004813228,-4.2010935e-05,0.00020821187,0.00021516108,0.001134046,0.004032362,0.0007450112,2.7212065e-05,3.3480144e-05,-0.00090109714,6.1010614e-05,0.00023318108,-0.00017734947,0.00042464212,-2.1726188e-05,-4.246654e-06,-2.7121618e-05,-2.0144002e-05,-3.0026167e-05,-6.50434e-05,-0.00012748638,3.457289e-05,0.00035749315,-7.0514056e-05,-8.75906e-05,-0.0003172649,-0.00016630387,-0.00051735854,1.2373044e-05,7.3562354e-05,0.00016869805,4.434185e-05,-6.9735906e-06,-2.5045138e-05,-9.688352e-06,2.3548715e-05,-4.147702e-05,1.853562e-05,4.8819475e-05,8.464599e-06,-1.3559989e-05,-0.00018113876,1.9175064e-05,-6.934487e-05,3.872248e-06,2.9104349e-05,0.0013919416,0.00028812053,8.1651524e-05,9.286356e-06,-0.00010429012,-0.00029538007,-0.0001320968,-4.82062e-06
BU*CA,2.2853935976153386,0.9815298,0.019890891181184506,-0.00026469582,-0.0011475347,-0.0014121729,0.0004598746,0.003690579,-4.2401996e-05,0.00035423273,-0.0011324601,0.0005879556,-0.00042704,-0.0059014796,0.01154177,0.00041550747,0.0030380983,-0.0033269338,-0.0006944743,0.20987111,-0.00029141235,0.0022741612,-0.007932749,-5.293613e-05,-0.0042822477,-0.0051461626,0.0007450112,0.96340066,-0.0043266765,-0.001520478,-0.13554278,0.0038119478,-0.032288875,0.011435108,-0.0013047172,0.02081432,-0.00093485054,0.001064225,-0.00092164066,-0.0034018517,0.000516676,-0.008906817,0.00027196886,0.052917916,-0.0036321708,0.0014223064,-0.06784485,-0.005917606,-0.023472477,-0.013172892,0.0004962603,0.010056884,-0.00015349484,0.00076089014,-0.00010522182,-0.0011998903,0.004878709,-0.002558323,0.0004194145,0.027607538,-0.0005084623,0.00078467675,-0.031028531,-0.0006628735,-0.0061457157,-0.00057997357,-0.00020333272,0.31947047,-0.0011873539,0.012997514,-0.036942758,0.0024011305,-0.011154309,-0.015435024,0.0002751836
BU*BT,-0.6057428095444248,0.036858648,1.0883143190633832e-60,1.5341371e-06,0.00025058794,-0.0005411867,-1.6066577e-05,-0.00019101938,-2.3466766e-06,-2.052812e-05,-0.00010478085,-3.3428253e-06,-1.6160207e-05,-4.1650746e-05,0.00022773017,-3.4151988e-05,-8.338955e-05,3.061791e-06,-1.585148e-05,0.0014507408,-8.0092075e-05,0.000115445844,7.380659e-06,5.155769e-05,0.00014088716,-5.1603896e-05,2.7212065e-05,-0.0043266765,0.0013585599,0.000571634,-0.00082357106,0.0005056891,-8.11313e-05,1.0555039e-05,0.0009210716,-0.0001979664,0.00015926224,-7.7364835e-05,3.1224652e-05,1.6641659e-06,-8.2975195e-05,9.95901e-05,-1.3566256e-05,-0.00015906832,0.0006970506,-0.00019120488,-0.00020176142,0.000268083,0.00029640258,0.00045729202,5.518831e-05,-0.00020630138,0.00013775816,-4.6386995e-05,-0.0001228023,8.886557e-06,-0.00016396541,0.00010725083,-1.1406167e-05,-0.0001560348,0.00020962807,-0.00010481337,-0.0001785493,-7.675875e-06,0.00011398251,2.954303e-05,1.4468381e-05,-0.0023941803,0.0006719978,-0.00039364264,-0.00044827443,0.00010133051,0.0003956367,0.00034923997,7.4948344e-05
BU*BU,-0.9961821384804108,0.03557828,1.6372673016658315e-172,1.9673276e-07,-8.5379404e-05,-0.0005796577,-1.1529899e-06,-0.00022330973,9.1773835e-08,-1.7216833e-05,-0.00013784565,-4.0953196e-07,-1.4902224e-05,-8.0209626e-05,0.00014025222,-3.7300375e-05,6.215203e-05,-7.76585e-05,-2.5530477e-05,4.6342855e-05,9.991953e-05,9.6096555e-06,-3.4923305e-05,2.542069e-05,4.3167554e-05,-2.3399318e-06,3.3480144e-05,-0.001520478,0.000571634,0.0012658141,-0.00045789778,0.00028185488,-0.00056988903,-0.00030240088,0.0010079597,-2.807582e-06,-5.3683e-06,1.8374847e-06,2.3814646e-06,3.6771924e-06,-9.016409e-05,5.9217194e-07,1.1071669e-05,0.000105759646,0.00014355258,6.805926e-05,0.00095437653,0.00033361505,0.00067813933,0.000379346,4.068188e-05,-6.93549e-05,-4.5400266e-06,-1.4141031e-05,-2.913563e-05,7.762213e-06,-1.8932195e-05,4.645671e-05,-2.9512078e-06,0.00011207992,-3.5095643e-06,-2.1062158e-06,0.00013490698,-1.247451e-06,3.9988314e-05,2.1837466e-05,1.0799375e-05,-0.0008786059,7.030097e-05,-0.00019501339,0.0007214459,0.00010001307,0.0005973718,0.00024650485,0.00011633535
BU*CS,-1.6073840363932534,0.40266302,6.55504646585738e-05,-5.5618925e-06,-0.000663903,-0.00014676694,0.00046989307,-0.0015329313,-5.705162e-05,-0.00018459206,-0.0017588919,1.0011473e-05,0.00016698742,-3.799434e-05,-0.0048403936,-0.00027671322,-1.1879765e-05,0.0018338151,-0.00085876655,-0.0067033647,0.00069048634,0.00014494512,0.014709332,-0.00044262508,-0.0017660065,0.002929084,-0.00090109714,-0.13554278,-0.00082357106,-0.00045789778,0.16213751,-0.00076502707,-0.014985039,-0.0028056388,-0.008439001,-0.0008596719,-0.0002477206,0.0018131242,-0.000975727,0.00069992396,-0.00047130015,0.00039519544,0.00028947016,-0.0076924576,-9.8677534e-05,0.0017237302,0.06837332,0.0019348913,0.005234232,-5.2351967e-05,-0.00022559802,-0.002874812,-9.426431e-05,4.8111193e-05,0.00361653,0.00021728626,0.0014718121,0.0009988407,-0.00020329135,-0.009164939,-0.00014249315,-8.811486e-05,0.033706028,-0.00013919591,0.0021634737,0.00017318368,-0.00035474874,-0.044414297,0.00052135135,-0.0023549893,0.03751218,0.0009106565,0.008056564,0.0022533569,0.0017693192
BU*CD,-0.31206260197827784,0.06195551,4.731762360471237e-07,2.9909272e-06,-0.00016953453,-0.0007720934,-8.028905e-06,0.0003615004,6.673868e-06,-4.2936525e-05,-0.00024470067,-6.5905497e-06,-1.6916001e-05,-0.00014235066,-1.2882235e-06,2.5338184e-05,4.3155596e-05,-7.940262e-05,-5.917933e-05,-0.0007386776,0.00021170995,-3.0894502e-05,-0.00034269918,0.00024864447,-6.5314016e-05,-6.047329e-05,6.1010614e-05,0.0038119478,0.0005056891,0.00028185488,-0.00076502707,0.0038384853,0.0005491191,0.0011266898,0.0014104233,-1.2703109e-06,-3.6607897e-05,0.00010154282,1.5644406e-05,0.00026776188,-0.0005177278,-5.0630744e-05,3.5905978e-05,-0.0012198118,-0.00032511083,0.0008549713,0.0009979159,-0.00027116152,-0.001272717,-0.0005571889,-5.6465364e-05,-0.00018944807,-2.8707636e-05,2.128867e-05,-9.710422e-05,0.00015826849,-0.0002107644,8.638709e-05,-3.721988e-05,0.0003215473,-9.674009e-06,0.00013055837,-0.00011153504,0.00039459838,-0.0002687103,3.097945e-05,5.0928105e-05,-0.00057534646,0.00010829095,-4.183138e-05,0.00059547625,0.0006653477,0.00022837782,0.0006251904,0.00017637489
BU*DP,-0.34751208330602656,0.19562829,0.0756686974360796,9.721263e-06,-0.0004001052,-0.00040043026,-5.6432484e-05,-0.0008176628,-6.74873e-05,-5.293603e-05,-0.0001616667,-2.1115953e-05,-2.9959498e-05,-0.0006063901,0.00081466214,-7.291718e-05,-0.0004075186,-8.0715865e-05,8.607069e-05,-0.01316761,0.0006775909,4.1127867e-05,-0.0024643529,-0.0001220241,0.003009376,-0.0025566781,0.00023318108,-0.032288875,-8.11313e-05,-0.00056988903,-0.014985039,0.0005491191,0.038270425,-0.0056054606,0.0016264878,-0.001461803,-0.00019765123,3.6148554e-05,0.00011442566,-3.4376884e-05,0.0078927735,-0.0007185513,-1.9401683e-05,-0.003634751,0.0002070825,0.00038337024,-0.001249034,0.0010621857,0.018255547,0.00060135423,0.00025310513,0.0012714751,7.3016316e-05,0.00011776533,0.0004466607,0.00033036884,0.0028020584,-0.0004409641,0.00029200534,-0.002780749,-0.00023647332,4.8617992e-05,-0.0031268345,1.667742e-05,0.006374821,-3.7511152e-05,-7.402731e-05,-0.0023298739,-0.00035613187,0.0004758885,-0.001651239,-0.00025192555,0.018007083,-0.0037851024,0.0001783889
BU*CH,-0.2364405097869617,0.11532868,0.04035028383651417,5.8409732e-06,-0.00013369076,-0.00035053724,-4.432846e-05,0.00016571062,3.7319205e-05,-7.1659015e-05,-0.0007967859,-1.2261518e-05,-2.5434898e-05,-0.00047136727,0.0014438778,-2.9857974e-05,0.0006391564,-0.00091088645,-0.00019192195,-0.00561535,-2.3866503e-05,8.5042164e-05,-0.00015940952,0.00010122988,-0.00048747717,0.007268402,-0.00017734947,0.011435108,1.0555039e-05,-0.00030240088,-0.0028056388,0.0011266898,-0.0056054606,0.013300704,-0.001844971,-0.0007290255,5.3617936e-05,1.3773329e-05,8.614935e-05,7.367283e-05,-0.0011144032,0.0030659616,-0.00017965739,-7.7983255e-05,-0.00022557414,0.00019099197,-0.00034229129,-0.0004428199,-0.002343575,0.0040186327,-1.2869193e-05,-8.949057e-05,-0.00010162447,5.192137e-06,-0.0005067557,-0.00011607036,-0.00044171777,0.0009455483,-6.741314e-05,-0.0007262015,4.1612842e-05,0.00042770646,0.008788239,8.835126e-05,-0.00018076412,0.00023313655,7.162785e-05,-0.015727147,0.0008131757,0.0010796953,-0.0019010148,0.0011358506,-0.0017849506,0.007010643,0.00054345233
BU*BV,-0.6242948257062504,0.08179957,2.3112776785795115e-14,-4.1155772e-07,-6.1356484e-05,-0.00093832385,3.7203434e-05,-8.372794e-05,1.93403e-05,-1.3375459e-05,0.0006404841,8.0563575e-07,-7.5657586e-06,1.6891512e-05,0.00010241914,-1.35330165e-05,9.648087e-05,-7.832172e-05,1.8041635e-05,-6.341127e-05,0.00011581191,-8.193151e-05,-0.00082697696,6.0479262e-05,0.00022636644,-0.0015669985,0.00042464212,-0.0013047172,0.0009210716,0.0010079597,-0.008439001,0.0014104233,0.0016264878,-0.001844971,0.0066911695,-7.4732474e-05,-0.00010132551,-0.0001568406,-7.613571e-05,-0.00014316154,-0.00013589335,-0.00021286015,0.00019894583,-0.0002295397,7.977946e-05,-0.00028850068,-0.0020037806,0.00016372527,0.00091943424,-0.0004893352,0.00038126428,-0.00021279648,-3.3997232e-05,-4.2493055e-05,6.532233e-05,5.066744e-06,-0.00022305608,6.460462e-05,0.00011252913,0.000100969286,-0.000106608124,-9.8631615e-05,0.00075960334,-2.1007369e-05,-0.00019019551,2.7483815e-05,0.00017561812,0.0044579376,-0.0009397607,0.0027921689,0.0019489583,-0.0006516499,-0.0006240831,-0.0007443998,-0.00063368503
CS*CA,0.0011365880382960408,0.17598175,0.9948468533342808,1.24882e-06,-0.00012530216,-4.2423526e-05,-0.00011028944,6.686453e-05,1.6946298e-05,-2.4816229e-05,-3.564717e-05,-2.2992888e-06,2.726996e-06,0.000100300305,-0.000201126,3.2846917e-06,0.00019480845,-0.00024848804,-4.841004e-05,0.015343192,-5.642229e-06,-5.2459873e-06,-0.00028512374,-3.0160118e-06,-0.00044877012,-0.00038860692,-2.1726188e-05,0.02081432,-0.0001979664,-2.807582e-06,-0.0008596719,-1.2703109e-06,-0.001461803,-0.0007290255,-7.4732474e-05,0.030969577,-0.00029768486,-4.810694e-05,0.00021815045,2.9634277e-06,-0.004122084,-0.00053082017,-0.0001481359,0.013776411,-0.0003680305,-8.413696e-05,-0.0010842059,-0.00013081299,-0.0026369449,-0.00068435917,-6.2223466e-05,0.004636594,-0.0002152279,2.5876301e-05,-3.762587e-05,-0.00013653994,-0.00023012784,-0.0003761843,7.09784e-05,0.014276433,-0.0001167769,-0.00020654492,-0.001832516,1.1039459e-05,-0.0018510387,4.2184894e-07,-3.240457e-05,0.011348694,-0.0001805111,-4.3780077e-05,0.00057253876,-1.4022682e-05,-0.0004947422,-0.00034883223,2.1825183e-05
CS*BT,-0.11430763008930529,0.017523855,6.89273464697017e-11,-2.7625438e-07,0.00010722869,7.910909e-07,-0.00012828401,-5.3975896e-06,-6.707367e-06,-5.047203e-06,-9.973375e-06,6.043384e-07,6.810233e-06,-2.752543e-06,9.3120434e-05,-2.6984933e-06,8.037462e-07,4.1661267e-05,-9.24136e-06,0.0006207222,-7.0675465e-05,-1.4673705e-05,0.00026188523,-5.7350326e-06,-1.9885174e-05,-0.00011495118,-4.246654e-06,-0.00093485054,0.00015926224,-5.3683e-06,-0.0002477206,-3.6607897e-05,-0.00019765123,5.3617936e-05,-0.00010132551,-0.00029768486,0.0003070855,1.7253645e-06,0.00026313853,0.00022745304,0.0007209083,0.00046629464,5.038097e-06,-0.00013569438,0.00023376387,-8.946739e-05,-0.0004316856,-1.5860816e-05,5.955106e-05,0.00018264902,-4.4296445e-05,-0.000210947,8.044501e-05,-2.4780173e-05,1.4364432e-05,1.9516523e-05,-1.735512e-05,0.0001022599,-3.5692836e-05,-0.00015194913,0.00013232826,-3.6053014e-05,-0.00047677432,9.187075e-06,9.044645e-05,1.647162e-06,-3.0474053e-05,-0.0005790727,0.00016263901,-5.837144e-05,-5.509322e-05,-6.3967736e-06,-0.00011345033,3.342943e-05,7.579899e-06
CS*BU,-0.02835888650923995,0.027039254,0.29426818853031556,2.5190533e-07,-1.0017638e-05,1.8283681e-05,-4.9960705e-05,3.3842032e-05,1.12281305e-05,-6.168205e-06,-2.5998748e-05,-4.9463597e-07,-6.2821305e-06,4.5903565e-05,5.816939e-05,-2.8285467e-06,-5.137239e-05,5.266686e-05,-1.9089392e-05,3.424532e-05,4.869393e-07,8.6523236e-05,0.000108166074,-1.0981013e-05,-5.3866912e-05,-1.2931001e-05,-2.7121618e-05,0.001064225,-7.7364835e-05,1.8374847e-06,0.0018131242,0.00010154282,3.6148554e-05,1.3773329e-05,-0.0001568406,-4.810694e-05,1.7253645e-06,0.0007311212,0.000101210026,-3.1570133e-05,-0.0015041449,-0.0002387984,8.502079e-05,-0.00012200246,-8.8510475e-05,0.00064806466,-0.00062316924,-0.00011251349,-0.001123031,-0.00049710745,-7.912412e-07,-0.00018779826,-3.975879e-05,7.998924e-05,4.3899e-05,-5.2020827e-05,-4.543095e-06,-8.8968154e-05,-4.367599e-05,-0.001248969,-2.1599728e-05,0.00027981406,0.00027336576,-4.1026884e-05,-0.00049301155,1.23959e-05,-1.7969156e-05,0.00041785114,-1.7218834e-05,0.0002662979,0.0002327584,-5.2572323e-06,-0.00025399428,-0.00019722027,2.2627699e-05
CS*CS,-0.2530208874736289,0.024783246,1.800630920109581e-24,-1.2854643e-07,8.698022e-06,-1.1817506e-05,-0.00023516413,-3.2851192e-05,-7.370218e-06,-1.3372937e-05,-1.3516465e-05,2.955522e-07,-4.003376e-07,1.6727585e-05,0.00012255821,-4.177011e-06,3.2672466e-05,3.1257936e-05,-7.750396e-06,-0.00024184024,-1.1655448e-05,-1.0777206e-05,-8.4869804e-05,9.190958e-06,3.6065532e-05,6.0129416e-05,-2.0144002e-05,-0.00092164066,3.1224652e-05,2.3814646e-06,-0.000975727,1.5644406e-05,0.00011442566,8.614935e-05,-7.613571e-05,0.00021815045,0.00026313853,0.000101210026,0.00061420933,0.0004032498,0.0012329405,0.0007599117,6.392387e-05,-5.276049e-05,6.9941954e-05,-2.6806905e-05,-0.0009984978,3.2134205e-05,0.00039807856,0.00023174618,-2.3016746e-05,-5.4684602e-05,2.3249726e-05,-1.2810449e-05,-1.0003524e-05,2.8680359e-05,7.27424e-06,0.000100244346,-3.6235e-05,-0.00022083853,4.7185917e-05,-1.1867103e-05,-0.0009041449,3.1229265e-05,0.00022177112,1.2299118e-05,-1.298532e-05,-0.0007354394,1.9487583e-05,-5.8716978e-05,-1.9230785e-05,3.7595455e-06,-1.3878213e-05,5.0428185e-05,8.658463e-06
CS*CD,-0.24274901040115346,0.03362091,5.191884288353028e-13,-4.3607506e-07,5.8225605e-06,-1.8071414e-06,-0.000195045,0.00047317974,-7.314102e-07,-9.469993e-06,6.0312886e-06,9.3850633e-07,5.260909e-06,-3.2078751e-06,0.00011011332,9.533506e-05,1.5438502e-05,6.192654e-05,-1.9887311e-05,-0.00068139535,5.4613793e-06,-4.8961207e-05,6.928946e-05,2.0260106e-05,2.2448643e-05,0.00012392063,-3.0026167e-05,-0.0034018517,1.6641659e-06,3.6771924e-06,0.00069992396,0.00026776188,-3.4376884e-05,7.367283e-05,-0.00014316154,2.9634277e-06,0.00022745304,-3.1570133e-05,0.0004032498,0.0011303655,0.0012105824,0.0008381664,5.417321e-05,-0.0008173873,-0.0004425534,-0.0004305335,0.0094835665,-0.0005263793,-0.0005058239,2.0445219e-05,-0.00030953018,-0.000101334976,1.8705188e-05,-3.5882982e-05,9.348066e-05,0.00018480599,-0.00011726973,0.00017792296,-4.7023488e-05,-0.0007173912,3.3329903e-05,-0.000107743406,0.0005178682,0.0004079936,0.00042345308,-1.6069363e-05,-2.0753474e-05,-0.0019204172,5.766644e-06,-0.00019921269,0.00046425336,0.00023529478,0.00022611306,0.00014854738,-1.2403704e-05
