Param name,Param value,Param stdv,Param p-value,CA,BT,BU,BV,CS,CD,DP,CH,CA*CA,CA*BT,CA*BU,CA*BV,CA*CS,CA*CD,CA*DP,CA*CH,BT*CA,BT*BT,BT*BU,BT*BV,BT*CS,BT*CD,BT*DP,BT*CH,BU*CA,BU*BT,BU*BU,BU*BV,BU*CS,BU*CD,BU*DP,BU*CH,BV*CA,BV*BT,BV*BU,BV*BV,BV*CS,BV*CD,BV*DP,BV*CH,CS*CA,CS*BT,CS*BU,CS*BV,CS*CS,CS*CD,CS*DP,CS*CH,CD*CA,CD*BT,CD*BU,CD*BV,CD*CS,CD*CD,CD*DP,CD*CH,DP*CA,DP*BT,DP*BU,DP*BV,DP*CS,DP*CD,DP*DP,DP*CH,CH*CA,CH*BT,CH*BU,CH*BV,CH*CS,CH*CD,CH*DP,CH*CH
CA,0.17500182411371407,0.021122113,1.1786881603610973e-16,0.00044614368,-6.742409e-06,1.2745843e-05,-0.00019645876,7.155557e-06,-9.845405e-07,8.401797e-06,-1.56852e-05,-0.0010340934,-0.00022909846,-0.0002028945,-0.00028377454,-0.0004870271,-0.0005124926,-0.0010236992,-0.0008682526,1.9874617e-05,7.774501e-06,2.4345254e-05,-8.17307e-06,-1.6676012e-06,-5.870689e-06,-1.2070441e-05,-5.6258555e-06,-1.3892932e-05,-1.2442905e-06,2.8406792e-05,-3.1187417e-05,1.9987714e-05,-3.5567148e-06,-5.8522703e-05,-1.6850763e-05,0.00011747696,0.000120145996,9.002025e-05,0.00018757032,0.00019234531,0.00022976527,5.1881807e-06,0.00046985634,-4.7495923e-05,5.3124546e-07,5.3852455e-06,-8.499414e-06,3.1211387e-06,-5.8335318e-06,-5.028228e-05,-4.061312e-05,6.957229e-05,-2.4820558e-06,5.1424167e-06,1.6728739e-06,4.148538e-06,1.5565602e-05,-1.3108155e-05,-7.283109e-05,-0.00037776591,1.4686815e-05,1.6298458e-05,-3.0554966e-05,-4.8078477e-05,-9.962373e-06,1.2530702e-06,-5.2978325e-05,-4.4032655e-05,6.5166496e-06,5.0028793e-06,2.0007066e-05,5.6027156e-06,-2.214792e-05,6.3618445e-06,4.4635213e-05
BT,0.8337663681516283,0.038322635,5.995480688992023e-105,-6.742409e-06,0.0014686245,0.0007798828,0.00044193226,9.113704e-05,5.4817527e-05,5.1512518e-05,0.00014997686,0.00040675222,1.3888135e-05,6.3447133e-06,-0.0001244434,-5.548658e-06,4.7357257e-06,0.00032476828,-9.252001e-05,0.00022320781,-0.0010850751,-0.0014797834,-0.0005704057,-2.5613468e-05,-0.00061166007,0.0001661252,-0.0006421139,-0.00017830948,-0.00047623398,-0.0011038214,-0.00026781735,-0.0006670108,-0.00015075534,-0.000366207,0.0005714859,-1.6399557e-05,0.00015583141,-3.133574e-05,-0.00040390622,-0.00018514047,-0.000326558,-0.00032163522,-0.00082254776,-1.0348573e-05,1.8928751e-05,-1.1213136e-05,-4.2160245e-06,-0.0001988176,-8.3539286e-05,-0.00010944343,-0.00020742044,-4.13391e-05,-3.589651e-05,-2.1708063e-05,1.7965202e-05,3.188175e-07,-9.0785434e-05,-5.5175924e-06,-0.00012764547,-0.00012456423,0.00015483174,-1.7732216e-05,6.7914257e-06,-2.6648444e-05,4.049734e-06,-0.00011468269,-0.00010415748,7.764687e-05,-2.3515702e-05,3.5230796e-06,-6.8780755e-05,2.7273998e-05,-0.00025289782,-2.5927704e-05,-0.00062566315
BU,0.692262282303694,0.03883058,4.3030952241861425e-71,1.2745843e-05,0.0007798828,0.0015078138,0.00042668838,0.0001168212,-0.00014935511,9.129611e-05,-0.00029799296,0.0003673885,-1.599517e-05,5.8349356e-06,-0.00012630105,-3.0286008e-05,1.858738e-05,0.00034003376,-0.00020964742,5.7125002e-05,-0.00058796734,-0.0003880199,-3.477218e-05,-3.4166238e-05,-0.00035080116,-0.00015524156,-0.00018126133,7.774588e-05,-0.00093937974,-0.002000059,-0.0008236689,-0.0013444322,-0.000297073,-0.0005727478,0.00077317614,9.168294e-06,-3.2475775e-05,5.1155406e-05,-0.00037873673,-0.00021070105,-0.00041218457,-0.00030932878,-0.0010205435,6.834338e-06,-4.5425368e-05,-1.1208439e-05,-2.0822492e-05,-0.00022133948,-0.00015287435,-0.00010418047,-0.00047436386,9.561651e-05,2.9247201e-05,1.0056205e-05,-1.4653356e-05,5.744458e-05,0.0002917279,6.6800676e-05,0.00026994653,-0.00023447369,-4.2771102e-05,-3.218623e-05,-2.1656064e-05,-3.3485787e-05,3.1635718e-06,-0.00017975103,-0.00015700412,-0.00017644485,0.0001721942,9.2659626e-05,-8.653608e-05,9.870455e-06,-3.929027e-05,-3.838504e-06,0.0019285653
BV,0.8438505601869346,0.052910123,2.906357015007645e-57,-0.00019645876,0.00044193226,0.00042668838,0.0027994812,0.00017617141,0.00022548724,0.00012978676,0.00043082912,0.0039321086,5.1305036e-05,0.00013616667,-0.00089466566,-2.8589446e-05,6.5581546e-05,0.0012548572,0.000101332786,1.7440121e-05,-0.0003438166,-0.00025410418,1.5043049e-05,1.5915095e-05,-9.423957e-05,2.8134942e-05,-4.5312427e-05,-0.00075678044,-0.00021630272,-0.0006055865,6.2503896e-06,-0.00027629148,-6.72711e-05,-0.00018058614,5.210303e-05,0.00038681657,-0.0019116245,-0.001512363,-0.002878456,-0.000540036,-0.0028786047,-0.0007204244,-0.0064612078,-6.343098e-05,-5.8918125e-05,-2.6818445e-05,3.336173e-05,-0.00040509252,-0.00015901124,-0.00015014909,-0.000327934,-0.0003618095,-1.2823081e-05,-5.289523e-05,-2.4359942e-05,-7.241772e-05,-0.00043247856,-3.5323912e-05,-0.000102830774,-0.00021829996,-4.5753826e-05,-7.635121e-05,3.5956284e-05,9.904122e-06,-7.42796e-06,-0.0003156329,2.3968027e-05,-0.00017749678,-0.00011718222,-4.913602e-05,-0.00017675944,3.0728006e-05,3.3085234e-06,2.1685802e-05,-0.0023686236
CS,0.4802223488046847,0.01923114,1.260659571352021e-137,7.155557e-06,9.113704e-05,0.0001168212,0.00017617141,0.00036983678,6.3167274e-05,5.3981614e-05,9.703718e-05,3.857798e-05,-6.097968e-06,-4.6516398e-06,-3.080342e-05,-3.4066124e-05,-9.077441e-06,0.00010221482,-3.5796467e-05,-1.6603146e-05,-6.615754e-05,-3.749936e-05,-1.8548415e-06,-1.8766103e-05,-3.4560515e-05,-1.422366e-05,-3.3482273e-05,-0.00013025693,-5.6553807e-05,-0.000112845155,-1.8572015e-05,2.2767035e-05,-2.1172957e-05,-0.00012641994,-8.1660786e-05,-1.9374109e-05,-8.124581e-05,-5.5238103e-05,-0.00014988941,-6.116334e-05,-0.00014326042,-0.00014392911,-0.00030100739,3.0238665e-05,-0.00018147657,-8.171759e-05,-0.000119767785,-0.0007419931,-0.00060137565,-0.0006679581,-0.00085784384,-3.725988e-05,-8.217834e-06,-1.0595555e-05,-4.1347644e-06,-1.7316763e-05,-0.00011350452,-2.1906071e-05,-0.00012446458,-8.1103564e-05,-2.31799e-05,-1.9790503e-05,-3.1095748e-05,-6.992261e-05,-1.2391056e-05,-9.85747e-05,-0.00016610263,-9.458658e-06,-2.069003e-05,-7.4195577e-06,1.3168926e-06,-4.0957777e-05,-8.561436e-05,-2.1873151e-05,-0.00043784193
CD,0.6377071299063037,0.03170254,5.417530469989193e-90,-9.845405e-07,5.4817527e-05,-0.00014935511,0.00022548724,6.3167274e-05,0.0010050511,4.180123e-06,0.00071829243,0.00013274762,-7.193546e-06,-1.4901557e-05,-6.0151913e-05,2.9070777e-06,-1.0661953e-05,7.5553486e-05,-7.8322926e-05,-3.1016833e-05,-3.8861217e-05,-6.9595604e-05,2.5086395e-06,8.811439e-06,8.39099e-05,-3.224262e-05,3.076446e-05,0.0002816671,8.802715e-05,0.0002624301,4.3856093e-05,0.00013308508,1.2945493e-05,0.00013103023,-0.00081484823,-6.815658e-05,-9.602145e-05,-8.708993e-05,-0.0002068007,-0.00011449918,1.6009071e-05,-0.00034621079,-0.00013599115,-2.8624863e-05,-1.04064e-05,-3.059015e-05,-1.6286574e-05,-0.00013997125,0.00015692021,-8.007682e-05,-2.380015e-05,0.0003310188,-0.00016500511,-0.00017480011,-0.0005284289,-0.00017333095,-0.0018495027,-9.9176854e-05,-0.00435509,-5.7020326e-05,-3.5902744e-06,-8.303032e-06,3.7412763e-06,-1.7827973e-05,1.3893028e-05,2.5976276e-05,-0.0001474216,0.00026399535,-0.00014702596,-0.000108393746,-0.000185703,-4.4294866e-06,-0.00094507984,-0.00010634906,-0.0035807525
DP,0.39552330008316966,0.026602848,5.341282234992556e-50,8.401797e-06,5.1512518e-05,9.129611e-05,0.00012978676,5.3981614e-05,4.180123e-06,0.0007077115,-4.1539548e-05,1.4090051e-05,9.419309e-06,5.3280183e-07,-2.1395592e-05,-2.8857567e-05,3.6035726e-05,0.0017961712,-5.6110362e-05,-1.9675788e-05,-3.4938996e-05,-2.4092842e-05,-1.03437394e-07,-2.6956886e-06,-2.1161273e-05,-3.6919977e-05,-1.4271703e-05,-0.00014712341,-4.5614044e-05,-8.421294e-05,-8.494683e-06,-7.390775e-05,5.3067843e-06,-4.1137133e-05,8.612812e-05,-1.9941592e-06,-5.9365826e-05,-4.33087e-05,-9.0870715e-05,-8.224418e-05,-7.38283e-06,8.076362e-05,-0.00040094848,4.8700167e-06,-1.555602e-05,-4.951999e-06,-1.7286382e-05,-7.809657e-05,-5.467055e-05,0.0007174495,-0.0002474541,-3.883014e-05,-1.4927801e-06,5.1467305e-06,-1.5466466e-06,5.934802e-06,1.4732629e-05,7.929297e-05,-0.0001933067,-0.0010695643,-0.00046307902,-0.00034605744,-0.0005384523,-0.0003949223,-0.0002494129,-0.001001744,-0.0014621302,-5.374397e-05,2.3524086e-05,4.651508e-06,2.3807032e-05,-6.1612022e-06,3.5732144e-05,0.00019736837,0.00012937968
CH,0.6409446181489329,0.049309436,1.2490182132209075e-38,-1.56852e-05,0.00014997686,-0.00029799296,0.00043082912,9.703718e-05,0.00071829243,-4.1539548e-05,0.0024314206,0.0001901924,-6.0749835e-06,-3.7436814e-05,-8.66075e-05,5.8620706e-05,-2.7605583e-05,7.9790175e-07,-0.00011125534,0.00013227618,-0.00011107376,-0.00022221789,-4.5020475e-05,1.343239e-05,-2.5167079e-05,-5.363402e-05,-4.1126623e-05,0.00095964014,0.00019034452,0.0005374971,4.816549e-05,0.0003705971,2.4855417e-06,0.00033593184,-0.0033470574,-0.00016349202,-0.00017412423,-5.5587232e-05,-0.0004270541,-0.00021005548,-4.865553e-05,-0.00070417876,0.00046619438,-3.062192e-05,-1.8889788e-05,-3.374924e-05,-2.1929764e-05,-0.00022672789,2.459862e-05,-0.00019796968,0.0003909374,-0.0009152044,-9.09163e-05,-0.000103882194,-0.000112540394,-0.0002931618,-0.0013251469,-0.00036879975,0.0012765899,-3.889483e-05,2.5171305e-05,-2.231053e-05,4.6193505e-05,-3.512798e-05,9.745717e-06,0.00017997292,-0.0007598675,0.0015843313,-0.0007461753,-0.00012771973,-0.0007939509,0.00024676992,-0.0025392722,7.5789285e-05,-0.011804361
CA*CA,-1.6835815453182892,0.26401764,1.8085385026572724e-10,-0.0010340934,0.00040675222,0.0003673885,0.0039321086,3.857798e-05,0.00013274762,1.4090051e-05,0.0001901924,0.06970532,0.00058840454,0.0020815332,-0.011300315,-0.005873951,-0.0011595325,0.029340116,-0.0060445135,7.478926e-05,-0.00031095938,-0.0003558299,7.3059666e-05,-6.1353785e-05,-1.3782455e-05,7.756064e-05,-0.0002593059,-0.0035816024,-0.00014756963,-0.0005498034,3.8626844e-05,-0.00056969444,-0.00016053522,0.000511572,-0.0011924066,-0.003192794,-0.002563385,-0.0015869095,-0.0039882446,-0.0012390625,-0.0038176244,-0.0006945537,-0.010009857,0.00055128563,-4.1682797e-05,-7.722095e-05,6.135598e-05,-0.00012335823,5.700616e-05,0.00021736576,-0.00012059996,-0.0005343469,9.362749e-06,-0.00013164183,-0.00019932949,-0.00016270502,-0.00022071025,0.00018176179,0.00019547992,0.0015558249,-0.00010158929,-4.039628e-05,0.000119274126,0.00034691897,0.00012494558,-0.00013835038,7.486644e-05,0.0011626073,-4.1625593e-05,-8.629286e-05,-9.4548974e-05,-0.00012545314,0.0005885936,-7.569217e-05,-0.0012928086
CA*BT,-0.054167018418276855,0.032109026,0.09160879095392381,-0.00022909846,1.3888135e-05,-1.599517e-05,5.1305036e-05,-6.097968e-06,-7.193546e-06,9.419309e-06,-6.0749835e-06,0.00058840454,0.0010309896,8.543014e-05,0.00015503235,9.3490824e-05,0.00021522818,-0.0007959689,0.0003361294,0.00030143702,6.4254814e-06,9.893136e-05,-3.7886555e-05,2.5436057e-05,-3.791133e-05,3.1974847e-05,-5.0708564e-05,-0.00024808603,0.00016911075,-2.0807911e-05,1.5742256e-05,2.5417434e-05,1.32567875e-05,-2.584993e-06,3.7851617e-06,-4.2767355e-05,-0.0002636119,-1.422217e-05,-3.7399757e-05,-0.00010290027,-2.1984997e-05,-2.5466303e-05,-8.784699e-05,5.1493244e-06,9.25311e-05,-6.2649457e-07,-2.9948437e-06,8.328026e-07,1.4839578e-05,1.648001e-06,4.2184943e-06,-8.084336e-05,9.350185e-06,3.1088305e-07,-7.2946323e-06,1.3076424e-06,9.07193e-06,4.7560497e-06,8.426377e-05,-0.00046548358,0.00028608678,-3.0926763e-05,-3.0264498e-05,1.9382333e-05,-3.6121506e-05,1.6699107e-06,-0.00020496928,6.9560174e-06,-3.4505712e-05,5.704841e-07,6.748429e-07,-7.989671e-06,3.0574014e-05,1.6301903e-05,6.866862e-05
CA*BU,-0.1224270016395485,0.034578674,0.0003993167678990632,-0.0002028945,6.3447133e-06,5.8349356e-06,0.00013616667,-4.6516398e-06,-1.4901557e-05,5.3280183e-07,-3.7436814e-05,0.0020815332,8.543014e-05,0.0011956845,-0.00019094386,-0.00028727888,-0.00020357179,0.0010057794,-0.0009193891,3.6868518e-05,-8.106121e-06,1.6459913e-05,3.1111538e-06,2.4763788e-06,1.4718521e-06,-2.291086e-05,2.555773e-05,0.0022355549,-3.6193705e-05,4.8127647e-05,-2.9951736e-05,-2.1591084e-05,2.4396998e-06,-0.00014497717,0.00020766602,-1.5812613e-05,-8.607304e-05,-0.00031178546,-0.00011465179,6.1511775e-05,-0.000108676366,5.22404e-05,-0.00020894135,-2.5662614e-06,-1.4367682e-06,2.8002001e-05,8.043239e-06,1.6798005e-05,3.0163086e-05,-3.0032348e-05,-3.487182e-05,-9.948511e-05,-6.535727e-07,3.213789e-05,-3.0808956e-06,9.863509e-06,2.0710035e-05,-3.1843814e-05,-1.40012335e-05,1.9438039e-05,-5.39197e-06,7.759095e-05,4.6690402e-05,-6.61883e-05,-5.7982736e-05,-1.4622552e-05,-0.00017372194,-5.858077e-05,1.3908345e-05,-1.9217978e-06,3.4003046e-05,-1.7332142e-05,3.8642306e-06,1.4124105e-05,0.00020869034
CA*BV,0.3226507591632993,0.062032085,1.9784312428978202e-07,-0.00028377454,-0.0001244434,-0.00012630105,-0.00089466566,-3.080342e-05,-6.0151913e-05,-2.1395592e-05,-8.66075e-05,-0.011300315,0.00015503235,-0.00019094386,0.0038479795,0.0008733505,0.000621941,-0.008704993,0.000694664,0.00017309487,9.2563976e-05,4.914119e-05,1.6213169e-06,1.8237379e-05,4.527203e-05,7.35143e-07,2.0938149e-05,0.0035299098,3.906725e-05,0.00010606715,9.985826e-05,-1.4844768e-06,4.5735458e-05,3.7556434e-05,-9.954742e-06,-0.0004182361,0.00061877636,0.0004507348,0.00074847916,7.996092e-05,0.00092992134,0.00073601777,0.002191333,7.1045004e-05,1.0230585e-05,2.0519414e-05,1.0226662e-05,4.7803416e-05,1.719515e-05,5.9122456e-05,-3.3574885e-05,0.00018054576,2.9563914e-06,4.13512e-05,4.4519755e-05,3.0598403e-05,8.9712434e-05,2.8839264e-05,1.2888561e-05,0.0015846755,1.1139088e-05,5.4162178e-05,9.5064766e-05,1.9530655e-05,-5.724357e-05,5.0896586e-05,-0.00048808404,-0.00012753636,2.9042734e-05,2.8604682e-05,-4.4281074e-05,-2.4932817e-05,-7.422376e-05,0.0001302083,0.00056135014
CA*CS,0.06327049738795301,0.077218875,0.4125778014017911,-0.0004870271,-5.548658e-06,-3.0286008e-05,-2.8589446e-05,-3.4066124e-05,2.9070777e-06,-2.8857567e-05,5.8620706e-05,-0.005873951,9.3490824e-05,-0.00028727888,0.0008733505,0.005962755,0.0007830135,-0.00027350296,0.0008949503,0.00028483028,3.456124e-06,-8.7605426e-05,1.0386718e-05,9.2083355e-05,2.9236406e-05,-1.083482e-05,2.315895e-05,0.0020627615,-2.4452496e-05,-9.339696e-05,6.5008335e-06,0.0011427726,-3.7478776e-06,-6.636043e-05,-0.00018799365,0.00019019889,1.4776001e-05,0.00010420987,0.0001341459,-0.0012264826,9.263394e-06,0.00015691738,0.0002650666,0.00038724163,2.0182864e-05,1.6370235e-05,-1.9954043e-06,0.00023572854,4.1169467e-05,0.00019663599,6.1955005e-05,-6.2482206e-05,9.1040825e-08,-1.1719636e-05,3.380956e-06,5.110947e-05,-2.3580227e-05,2.5436762e-05,0.00021426793,0.002214124,2.5760164e-05,-0.0001770015,7.3569856e-05,0.00043696637,-4.9497296e-05,2.3162944e-05,0.00020726938,-0.00015978212,-1.933391e-05,-5.1445636e-06,-5.5140627e-05,-8.357881e-06,1.1543261e-06,6.083989e-05,-0.00022245293
CA*CD,-0.0015149126572843652,0.06955192,0.9826226247520273,-0.0005124926,4.7357257e-06,1.858738e-05,6.5581546e-05,-9.077441e-06,-1.0661953e-05,3.6035726e-05,-2.7605583e-05,-0.0011595325,0.00021522818,-0.00020357179,0.000621941,0.0007830135,0.0048374697,-0.0019396071,0.0013359172,-6.5858636e-05,-2.423366e-06,-3.510921e-05,9.2916025e-06,-1.8500205e-06,5.2372627e-05,2.5732477e-06,-3.312816e-05,0.00025841995,-1.8698984e-05,2.2394073e-05,-3.1669133e-05,-4.0917606e-05,0.00033328275,-0.00024128004,-0.00043277664,2.9835888e-05,5.503112e-06,1.8203158e-05,9.752018e-06,-0.00023560769,-0.0014765181,0.00014442383,-7.110873e-05,2.8047114e-05,-1.6474361e-06,-8.953167e-06,-5.3658e-06,3.1891184e-06,0.00020466928,-4.5159555e-05,5.845623e-05,0.0019542463,-1.1040032e-06,6.763578e-05,-3.214868e-05,9.295204e-05,0.00012217047,2.2017872e-05,-0.00042203793,-0.00036983055,-2.3043227e-05,-0.00017787798,-2.6313362e-05,-0.0001040436,0.0003345228,7.5694484e-06,-0.000107887594,4.6588844e-05,1.7529379e-05,2.1423053e-05,6.2503423e-06,1.3640906e-06,-6.488655e-05,5.2884418e-05,0.0001418488
CA*DP,-1.2434480883730015,0.40153888,0.0019568346110950107,-0.0010236992,0.00032476828,0.00034003376,0.0012548572,0.00010221482,7.5553486e-05,0.0017961712,7.9790175e-07,0.029340116,-0.0007959689,0.0010057794,-0.008704993,-0.00027350296,-0.0019396071,0.16123347,0.00010791348,0.0001954327,-0.00020822832,-4.0278283e-05,8.83642e-05,-6.794242e-05,-0.00026590662,7.1829025e-05,-0.0003617915,0.00051437836,0.00013932154,-0.00029864052,0.0009096222,-0.0022277427,-0.00063885754,0.005064333,-0.0019233217,0.00015163196,-0.0009413901,-0.0001730412,-0.00062176445,0.0013168968,-0.0022260041,-0.0024506173,-0.0029691486,0.0011937075,3.645857e-05,-0.00026691714,0.0007480974,-0.00035118012,-0.00022432632,0.0075899,-0.00027240205,0.0011812941,3.087617e-05,-0.00057751057,0.0004997905,-0.00012207618,5.368384e-05,0.0011648955,-0.0009058298,0.03565209,-0.0015307654,-0.0007172292,0.0041138884,-0.0008869474,0.001165638,-0.0023511313,-0.0017327501,0.0006819811,1.3055422e-05,-0.00016914117,0.0004105642,0.000421804,-0.00027215877,-0.00065048947,-0.00029410055
CA*CH,0.09219404937252006,0.13255335,0.48672692660090344,-0.0008682526,-9.252001e-05,-0.00020964742,0.000101332786,-3.5796467e-05,-7.8322926e-05,-5.6110362e-05,-0.00011125534,-0.0060445135,0.0003361294,-0.0009193891,0.000694664,0.0008949503,0.0013359172,0.00010791348,0.017570391,-0.0006769634,5.7430578e-05,0.0001850985,-1.1219108e-05,-3.9065628e-05,-6.437816e-05,1.5323965e-05,0.0002760153,-0.003992547,8.166621e-05,0.00019621695,1.3496425e-05,-5.598364e-05,-3.363255e-05,-0.00035957506,0.0028613377,0.00013473316,-1.8626451e-05,-5.259367e-05,4.1776635e-05,0.00010939816,-0.00012909631,0.0011513925,-0.0041985675,6.6087465e-05,4.4471603e-06,-5.7764973e-05,-9.56473e-06,-5.8484307e-05,6.2919666e-05,-3.595463e-05,0.00082537945,0.0008436415,1.8366281e-05,-5.2830517e-05,1.8085164e-05,6.8839894e-05,8.667251e-05,-0.00020240081,0.0003847238,-0.0024378563,-4.1238698e-05,-0.00018676842,-9.26171e-05,6.173975e-05,9.351187e-05,-5.422951e-06,0.002056616,0.0010507968,-1.5955044e-05,2.6637352e-05,-0.00022019149,9.067068e-05,0.00034949297,-0.00015738218,-2.2444416e-05
BT*CA,-0.24134827993548308,0.6312604,0.7022183755124793,1.9874617e-05,0.00022320781,5.7125002e-05,1.7440121e-05,-1.6603146e-05,-3.1016833e-05,-1.9675788e-05,0.00013227618,7.478926e-05,0.00030143702,3.6868518e-05,0.00017309487,0.00028483028,-6.5858636e-05,0.0001954327,-0.0006769634,0.39848965,-0.0022436194,-0.0009844217,-0.0026023253,-0.00638157,-0.0031597472,0.0011459097,0.0041187867,0.011931747,0.0011172114,-0.0006916383,0.00069175404,0.0018015315,0.0002446352,-1.1516762e-05,-0.0019102118,0.00039651978,0.001352972,0.00035450372,-9.5833326e-05,0.0013102272,4.5566925e-05,0.00039290983,-0.0010904148,0.0005006848,0.00023557513,7.629152e-05,0.00017506177,0.00015554656,0.0001780407,0.00032573644,-0.00050803646,0.00045009193,-0.00011257938,0.00013822332,0.000102184764,0.00011616646,-5.0843897e-05,-1.8336628e-05,0.0010118113,0.0018201635,4.0099338e-05,-3.8959475e-05,8.095001e-06,0.0004469654,6.067039e-05,-0.00015195884,0.00036023845,0.00057097623,-0.0003364707,4.9387723e-05,5.2405238e-05,0.0004077275,0.0012539272,-0.00017149653,-0.0011612112
BT*BT,-0.5627579932029482,0.03274915,3.5055574034939376e-66,7.774501e-06,-0.0010850751,-0.00058796734,-0.0003438166,-6.615754e-05,-3.8861217e-05,-3.4938996e-05,-0.00011107376,-0.00031095938,6.4254814e-06,-8.106121e-06,9.2563976e-05,3.456124e-06,-2.423366e-06,-0.00020822832,5.7430578e-05,-0.0022436194,0.0010725068,0.00080812525,0.00029255298,-0.00028885787,0.00024456656,-0.0005092213,-6.517448e-05,0.00011537813,0.00045440948,0.00087406667,0.00019793813,0.0005050274,6.973765e-05,0.0002650347,-0.00076160434,1.0877312e-05,3.6093035e-05,1.795339e-05,0.00032194014,0.00013928814,0.00024095674,0.00025227462,0.0006027852,7.1239283e-06,3.5313507e-05,3.2388973e-06,2.7317992e-06,0.00015321032,5.9462785e-05,8.194277e-05,0.000114194234,1.1774609e-05,2.6794783e-05,1.4283539e-05,-1.7620283e-05,-3.8438197e-06,7.0004025e-05,2.6221735e-06,4.5364694e-05,8.775699e-05,-4.6957422e-05,-1.2897624e-06,-4.8177453e-06,1.9855675e-05,-8.210536e-06,8.787615e-05,3.836035e-05,-6.765319e-05,1.8179951e-05,4.2575903e-07,4.409313e-05,-2.2872946e-05,0.00010829667,2.4410372e-05,0.00048734323
BT*BU,-0.5141017301392217,0.09882299,1.9689185930235392e-07,2.4345254e-05,-0.0014797834,-0.0003880199,-0.00025410418,-3.749936e-05,-6.9595604e-05,-2.4092842e-05,-0.00022221789,-0.0003558299,9.893136e-05,1.6459913e-05,4.914119e-05,-8.7605426e-05,-3.510921e-05,-4.0278283e-05,0.0001850985,-0.0009844217,0.00080812525,0.009765983,0.00047049575,8.158683e-05,-0.0010607801,-0.0020257798,-0.005963928,-0.0005073891,0.0019698204,0.00068004936,-2.7319653e-05,-0.00018853268,-6.823689e-05,-0.00019003109,0.0009982131,4.1609255e-05,-0.00012701449,0.00011469854,0.00020166891,-2.3742925e-06,9.42941e-05,0.00016904237,0.00053408474,-2.511981e-05,7.39627e-05,4.338344e-05,-2.453681e-05,6.286153e-06,2.7195429e-05,2.7581584e-05,0.00035285307,0.00024774292,2.617436e-05,6.7966844e-06,-5.2687108e-05,4.261799e-05,9.1717644e-05,-9.193274e-06,0.00018471324,-3.6644356e-05,-3.081699e-05,0.00011188016,-1.763082e-05,-1.7905439e-05,1.869413e-05,-9.06295e-06,0.00026114614,-0.00019830636,0.00028445,5.4722193e-05,-0.00011525304,-0.00010002305,-0.00011848551,-1.0782242e-06,0.0015198241
BT*BV,-0.09735782904168151,0.05650209,0.08487338799000406,-8.17307e-06,-0.0005704057,-3.477218e-05,1.5043049e-05,-1.8548415e-06,2.5086395e-06,-1.03437394e-07,-4.5020475e-05,7.3059666e-05,-3.7886555e-05,3.1111538e-06,1.6213169e-06,1.0386718e-05,9.2916025e-06,8.83642e-05,-1.1219108e-05,-0.0026023253,0.00029255298,0.00047049575,0.003192486,2.1772094e-05,0.0001379719,-0.0002536444,0.00043743194,0.00021234433,-8.354625e-06,1.8533954e-05,0.00015781571,5.169408e-06,2.5813317e-05,8.92016e-05,-0.00025215355,1.1331804e-05,0.0003163986,7.039478e-06,4.003502e-06,7.3973695e-07,-4.9688704e-05,5.75453e-05,-0.00018205887,1.7822684e-05,-1.2678129e-05,-5.4818365e-08,1.5884685e-05,7.7467655e-07,1.1465523e-05,3.1755488e-05,-7.66424e-05,-4.555987e-06,-6.0530506e-06,1.5616464e-05,1.46896045e-05,5.9312383e-06,-2.250964e-05,1.8436594e-05,-6.1416984e-05,5.0010065e-05,-3.5313664e-05,-6.122824e-06,1.0955724e-05,1.6038444e-05,4.5483266e-06,-2.226619e-06,-1.0072339e-05,-4.8457518e-05,-9.021655e-06,1.17075915e-05,6.366706e-05,-8.849952e-07,0.00018773852,3.6747338e-06,0.00010112218
BT*CS,-0.08171915208506425,0.08900105,0.3585236607260619,-1.6676012e-06,-2.5613468e-05,-3.4166238e-05,1.5915095e-05,-1.8766103e-05,8.811439e-06,-2.6956886e-06,1.343239e-05,-6.1353785e-05,2.5436057e-05,2.4763788e-06,1.8237379e-05,9.2083355e-05,-1.8500205e-06,-6.794242e-05,-3.9065628e-05,-0.00638157,-0.00028885787,8.158683e-05,2.1772094e-05,0.007921187,0.00024851336,-8.80683e-05,-1.4751122e-05,4.5120858e-05,0.00012263637,-0.00012224128,1.443861e-05,0.0009324997,3.1886455e-05,7.3897536e-05,0.00023528474,7.702595e-06,-1.1685729e-05,-3.08821e-05,-3.91935e-05,0.00025559773,3.4945522e-06,1.2820365e-05,-0.0001265564,8.206354e-06,0.0001304657,2.057145e-05,1.2510338e-05,0.00014874866,-9.864469e-06,1.324517e-06,-9.066128e-05,5.3511576e-05,1.3301964e-05,-5.2713744e-06,-2.082949e-07,7.516255e-06,-2.5336369e-05,-5.741684e-06,-1.7806462e-05,0.00026525155,3.3495486e-05,1.3198509e-06,3.8639078e-06,4.5474077e-05,-5.927263e-06,-5.6389413e-06,-2.0856614e-05,6.688429e-05,3.8717222e-05,-9.3618155e-06,-5.7827388e-06,7.927527e-05,-2.206183e-05,3.0902083e-07,-0.00011734079
BT*CD,-0.3699537205487231,0.09115586,4.9394325845230486e-05,-5.870689e-06,-0.00061166007,-0.00035080116,-9.423957e-05,-3.4560515e-05,8.39099e-05,-2.1161273e-05,-2.5167079e-05,-1.3782455e-05,-3.791133e-05,1.4718521e-06,4.527203e-05,2.9236406e-05,5.2372627e-05,-0.00026590662,-6.437816e-05,-0.0031597472,0.00024456656,-0.0010607801,0.0001379719,0.00024851336,0.00830939,-0.0016445282,0.0011406835,0.00088689866,0.00015102337,0.00035944837,0.00020762483,0.00041037888,0.0010005727,0.0004761779,-0.00085867516,1.5742691e-05,-0.00038126102,-2.7872842e-05,6.705945e-05,0.00010424582,0.0005283238,5.4729724e-05,0.00012360812,3.1110132e-05,-7.891807e-05,7.0211972e-06,6.3461307e-06,5.920249e-05,0.0003343119,9.206541e-05,1.8773879e-05,-0.00014549664,0.0002730841,3.83466e-05,-4.143486e-05,-5.8196794e-05,3.0398367e-05,-6.718479e-06,0.0006617671,0.0002202701,-0.00012677081,6.9856187e-06,-1.3983084e-05,1.4421976e-06,5.5748256e-05,9.104962e-05,-2.0418325e-05,7.9908044e-05,-5.1321904e-06,-7.8643876e-05,0.00027327213,4.555144e-05,0.0031292692,-0.00025063707,-0.00093630754
BT*DP,-0.11010752075676059,0.18476216,0.5512140222777948,-1.2070441e-05,0.0001661252,-0.00015524156,2.8134942e-05,-1.422366e-05,-3.224262e-05,-3.6919977e-05,-5.363402e-05,7.756064e-05,3.1974847e-05,-2.291086e-05,7.35143e-07,-1.083482e-05,2.5732477e-06,7.1829025e-05,1.5323965e-05,0.0011459097,-0.0005092213,-0.0020257798,-0.0002536444,-8.80683e-05,-0.0016445282,0.034137055,-0.001788107,-0.00027157296,0.00024221536,-6.046155e-05,0.00015938657,0.00012009619,0.00014694846,0.001983647,-2.4354136e-05,2.4291567e-05,9.042763e-05,-6.124774e-05,-4.0860385e-05,1.5194258e-05,-9.682016e-05,0.000467346,-0.00014901013,1.4063688e-05,1.5915228e-05,-2.7501023e-06,1.1979798e-05,-9.383123e-06,9.872784e-06,0.00032119348,1.2187444e-05,-2.8003045e-05,1.2083731e-05,3.903471e-05,2.2039403e-05,7.6035262e-06,7.2081034e-06,0.00014387062,0.00050026184,0.00010212774,-6.811903e-05,4.191206e-05,2.2347716e-05,7.3257754e-05,3.42677e-05,0.00021385273,2.4113227e-05,-8.2657665e-05,-1.9312636e-05,1.0840267e-08,0.0001534507,-2.6703572e-05,0.00058253127,0.00031834285,-3.339866e-05
BT*CH,0.02465797981863948,0.16979626,0.884536398151562,-5.6258555e-06,-0.0006421139,-0.00018126133,-4.5312427e-05,-3.3482273e-05,3.076446e-05,-1.4271703e-05,-4.1126623e-05,-0.0002593059,-5.0708564e-05,2.555773e-05,2.0938149e-05,2.315895e-05,-3.312816e-05,-0.0003617915,0.0002760153,0.0041187867,-6.517448e-05,-0.005963928,0.00043743194,-1.4751122e-05,0.0011406835,-0.001788107,0.028830769,-0.00054614805,-0.0005607424,-0.00039084285,-4.5267814e-05,0.00038640614,0.000100165904,-8.2884384e-05,0.0057328925,-5.344475e-05,-0.00061862275,-9.0432186e-05,-4.7994472e-05,-1.3977847e-05,5.6569566e-05,-0.00022882555,0.0012655031,-4.4287994e-05,-8.580218e-05,5.3080345e-07,-2.4369e-05,-1.6476248e-06,-3.6520112e-05,-3.960915e-05,0.0008587807,0.00022590117,4.995582e-05,-0.000118148826,-5.8332585e-05,1.0444073e-05,-6.410284e-05,-0.00012014595,-4.6550496e-05,-0.00024977958,5.7407862e-05,2.333877e-05,-1.7937899e-05,-8.0421894e-05,-3.7400176e-05,-3.410311e-05,0.0006528769,0.0001633426,0.00036741156,-9.410899e-05,-3.7032223e-05,1.9693289e-05,-0.0006284409,-1.0903463e-05,0.00062666216
BU*CA,-0.8177662994187214,0.53474027,0.1261956476887085,-1.3892932e-05,-0.00017830948,7.774588e-05,-0.00075678044,-0.00013025693,0.0002816671,-0.00014712341,0.00095964014,-0.0035816024,-0.00024808603,0.0022355549,0.0035299098,0.0020627615,0.00025841995,0.00051437836,-0.003992547,0.011931747,0.00011537813,-0.0005073891,0.00021234433,4.5120858e-05,0.00088689866,-0.00027157296,-0.00054614805,0.28594714,-0.00075069006,-0.0025933266,-0.006069786,-0.017934049,-0.0016174698,0.0073923483,0.00093877525,0.0035778675,0.00027398425,0.0019319353,0.00031739738,0.0052793003,0.001727282,-0.00034652167,-0.001686644,0.003540137,0.00012735368,-4.6270594e-05,0.0007292985,0.00014323449,0.0023577956,-0.00068706466,-0.00035256313,-0.0021777276,1.1179481e-05,-0.00014280717,-3.6337628e-05,0.00044984027,-0.00040954282,-0.00026139533,0.0020790007,0.011222788,0.00013825731,-0.0002636236,0.00056548766,0.0017565807,0.00031803793,9.6888754e-05,-0.001377205,-0.00094999,-0.0002608866,-0.00025106905,-0.00028750682,0.00096652796,0.0007102677,-5.3708878e-05,-0.0054408507
BU*BT,-0.3920539662559595,0.044239134,7.8483854939488615e-19,-1.2442905e-06,-0.00047623398,-0.00093937974,-0.00021630272,-5.6553807e-05,8.802715e-05,-4.5614044e-05,0.00019034452,-0.00014756963,0.00016911075,-3.6193705e-05,3.906725e-05,-2.4452496e-05,-1.8698984e-05,0.00013932154,8.166621e-05,0.0011172114,0.00045440948,0.0019698204,-8.354625e-06,0.00012263637,0.00015102337,0.00024221536,-0.0005607424,-0.00075069006,0.0019571008,0.00126478,0.00053788326,0.0006150082,4.361697e-06,0.00023425893,-0.0017290717,9.437138e-07,0.00021621789,-0.00012636965,0.00019883235,7.100605e-05,0.00021238257,0.00019739955,0.0005148054,-7.3963233e-06,0.00019169098,-1.8489225e-05,1.1087995e-05,6.1205756e-05,0.0001158211,6.587921e-05,0.00024643942,-9.2584436e-05,-0.00012390185,3.461917e-05,5.5667322e-05,-2.6489804e-05,-0.00018590696,-1.8536412e-05,-1.6918793e-05,0.00016445713,0.00035302815,-1.8316325e-05,2.1941183e-05,1.1836657e-05,4.5401584e-06,6.4428736e-05,3.0233508e-05,7.248004e-05,-0.0002646425,-2.5394536e-05,0.00010514839,-6.476781e-06,0.00033267896,-3.388618e-05,-0.0012329478
BU*BU,-0.9145607076655231,0.07065449,2.5362870118836426e-38,2.8406792e-05,-0.0011038214,-0.002000059,-0.0006055865,-0.000112845155,0.0002624301,-8.421294e-05,0.0005374971,-0.0005498034,-2.0807911e-05,4.8127647e-05,0.00010606715,-9.339696e-05,2.2394073e-05,-0.00029864052,0.00019621695,-0.0006916383,0.00087406667,0.00068004936,1.8533954e-05,-0.00012224128,0.00035944837,-6.046155e-05,-0.00039084285,-0.0025933266,0.00126478,0.004992057,0.00050042267,0.00052391755,-0.00011171109,-0.001155996,-0.007933136,-6.1227125e-05,5.2842337e-05,8.238225e-05,0.0006020779,6.992379e-06,0.00061361067,0.00040681878,0.0012994992,-5.712599e-05,1.2036845e-05,3.2707143e-05,-1.2410872e-05,0.00024216498,0.00035062028,3.5757075e-05,0.00034819054,-0.0002912574,-1.7238188e-05,-6.7764006e-05,3.0703002e-05,-0.00010223139,-0.0005130427,-1.9679357e-05,-0.00046863663,1.3333549e-06,-8.951382e-06,6.66883e-05,-8.576222e-06,-2.9983863e-05,1.48972185e-05,0.00022256035,-0.00013226613,0.00022516583,-0.00021664567,-0.00015509922,0.00018388378,5.3027383e-05,-0.00012275648,0.00019955251,-0.0036258954
BU*BV,-0.154283853342477,0.05369273,0.004060037717836808,-3.1187417e-05,-0.00026781735,-0.0008236689,6.2503896e-06,-1.8572015e-05,4.3856093e-05,-8.494683e-06,4.816549e-05,3.8626844e-05,1.5742256e-05,-2.9951736e-05,9.985826e-05,6.5008335e-06,-3.1669133e-05,0.0009096222,1.3496425e-05,0.00069175404,0.00019793813,-2.7319653e-05,0.00015781571,1.443861e-05,0.00020762483,0.00015938657,-4.5267814e-05,-0.006069786,0.00053788326,0.00050042267,0.0028829093,0.0007522193,0.00027941744,-0.00010406072,0.0002921115,-2.014281e-05,-0.00014276657,0.00040291666,9.286606e-05,0.00014099482,-0.00034211102,0.00048297527,-0.0010521767,-4.332713e-05,1.3276664e-05,8.814265e-06,9.871728e-05,-3.4670654e-06,-9.503105e-05,0.00010433591,-3.2726963e-05,-7.098723e-05,-1.3855917e-05,6.757533e-05,-0.00012195422,-4.5394845e-05,-8.159443e-05,8.0438884e-05,-0.00012370688,0.00044873485,5.719334e-06,-9.2993825e-05,0.00011396747,7.763108e-05,-1.08708255e-05,-2.5099633e-05,4.306897e-05,5.0383336e-05,-4.943363e-05,4.6079113e-05,-0.00028740786,-1.6920074e-05,-6.3880616e-06,0.00016537265,-7.316173e-05
BU*CS,-0.5590902097557577,0.12870052,1.39836615587216e-05,1.9987714e-05,-0.0006670108,-0.0013444322,-0.00027629148,2.2767035e-05,0.00013308508,-7.390775e-05,0.0003705971,-0.00056969444,2.5417434e-05,-2.1591084e-05,-1.4844768e-06,0.0011427726,-4.0917606e-05,-0.0022277427,-5.598364e-05,0.0018015315,0.0005050274,-0.00018853268,5.169408e-06,0.0009324997,0.00041037888,0.00012009619,0.00038640614,-0.017934049,0.0006150082,0.00052391755,0.0007522193,0.016563825,0.00034463083,0.0009961821,-0.0012003188,-0.00010385148,-6.7993096e-05,-0.00027158638,0.00017476383,0.0018916853,0.0003932704,0.0004918992,0.00014774507,-7.230902e-05,-4.3440607e-05,0.0005064658,-2.5085272e-05,0.00083496864,-0.00046373517,-6.756116e-06,-0.00018281248,0.00016074578,-3.3980104e-05,4.6017532e-05,5.692016e-05,-0.00025199508,-0.00028110488,6.338982e-05,0.00040874333,0.0013975165,8.631934e-05,-4.02857e-05,8.3113635e-05,0.00037768303,-0.00013197964,0.0002420594,-0.00070686854,0.00045904174,-0.00023789669,-0.00010015534,0.00014647891,-0.000596229,0.00039936538,0.000306079,-0.002163321
BU*CD,-0.11918423817783026,0.055057283,0.030408250095711922,-3.5567148e-06,-0.00015075534,-0.000297073,-6.72711e-05,-2.1172957e-05,1.2945493e-05,5.3067843e-06,2.4855417e-06,-0.00016053522,1.32567875e-05,2.4396998e-06,4.5735458e-05,-3.7478776e-06,0.00033328275,-0.00063885754,-3.363255e-05,0.0002446352,6.973765e-05,-6.823689e-05,2.5813317e-05,3.1886455e-05,0.0010005727,0.00014694846,0.000100165904,-0.0016174698,4.361697e-06,-0.00011171109,0.00027941744,0.00034463083,0.0030313043,-0.00021798533,0.0009598536,-2.9906212e-06,-2.3412622e-05,-6.7280016e-05,3.2502074e-05,4.4879784e-05,0.00039118328,-6.567435e-05,0.00020579087,-2.0626553e-06,1.4264314e-05,-8.4849435e-06,5.0120975e-06,3.6282859e-06,0.0005196845,-3.117351e-05,6.1613187e-06,-9.139603e-05,-2.8672583e-05,-0.00012849832,6.4313194e-06,7.2270323e-06,1.0612395e-05,-3.0943072e-05,-0.00033110107,-8.201395e-05,2.0676383e-05,2.0059504e-05,-1.731459e-05,-5.8583515e-05,0.00013002624,-1.3864521e-05,-0.00010082151,9.351566e-06,5.2033727e-05,-8.225679e-06,-7.263686e-05,-2.4375862e-05,-0.0009731653,5.6284833e-05,0.0002887091
BU*DP,-0.49400689126220126,0.14072406,0.0004473237669413137,-5.8522703e-05,-0.000366207,-0.0005727478,-0.00018058614,-0.00012641994,0.00013103023,-4.1137133e-05,0.00033593184,0.000511572,-2.584993e-06,-0.00014497717,3.7556434e-05,-6.636043e-05,-0.00024128004,0.005064333,-0.00035957506,-1.1516762e-05,0.0002650347,-0.00019003109,8.92016e-05,7.3897536e-05,0.0004761779,0.001983647,-8.2884384e-05,0.0073923483,0.00023425893,-0.001155996,-0.00010406072,0.0009961821,-0.00021798533,0.019803261,-0.0014247173,0.00012235892,-1.7759054e-05,3.4967677e-05,0.00017612081,0.00015712876,-0.00029097564,0.002121641,-0.00028458794,5.5722467e-05,4.6171226e-05,4.3131662e-05,7.470578e-05,0.00014631508,2.4864952e-05,0.003511114,-0.00026889754,0.0005966185,-3.958088e-05,-4.5453377e-05,8.029418e-05,0.00012402268,-0.00018109317,-0.0016279124,-7.811493e-05,0.002031954,-0.00020207345,0.00081620476,-0.00015799582,0.000564324,0.00015042197,0.0010300316,0.0024422584,-0.00016901034,-0.00013328469,-1.45031845e-05,0.00012379233,7.569706e-05,-0.00065524626,-0.0026873157,-0.00094280025
BU*CH,1.2705674524578463,0.2362779,7.555724603105612e-08,-1.6850763e-05,0.0005714859,0.00077317614,5.210303e-05,-8.1660786e-05,-0.00081484823,8.612812e-05,-0.0033470574,-0.0011924066,3.7851617e-06,0.00020766602,-9.954742e-06,-0.00018799365,-0.00043277664,-0.0019233217,0.0028613377,-0.0019102118,-0.00076160434,0.0009982131,-0.00025215355,0.00023528474,-0.00085867516,-2.4354136e-05,0.0057328925,0.00093877525,-0.0017290717,-0.007933136,0.0002921115,-0.0012003188,0.0009598536,-0.0014247173,0.055827245,0.00014734302,-5.7015914e-05,-0.00020296009,-0.00048007225,-4.7496862e-05,-0.00027588,-0.00083048217,-0.0012922514,-0.0001995404,4.7364367e-05,5.5971013e-05,-4.3811062e-05,-0.00036144454,-0.0010246242,-0.0007904109,0.0013623275,0.002522414,4.4554727e-05,-0.00048586057,0.00015282133,0.0005898537,0.0016642748,0.0005467955,-0.011630667,-0.0016042364,2.5203315e-05,0.0004951549,-0.00018569137,-0.0004999512,-0.0002663761,-0.0009456819,0.0051624463,-0.00035257335,0.0010167963,-0.00075242785,0.000755004,-0.00017632075,0.0024024532,0.0004937419,0.009073122
BV*CA,-0.13496945488079928,0.115523435,0.24267381884554784,0.00011747696,-1.6399557e-05,9.168294e-06,0.00038681657,-1.9374109e-05,-6.815658e-05,-1.9941592e-06,-0.00016349202,-0.003192794,-4.2767355e-05,-1.5812613e-05,-0.0004182361,0.00019019889,2.9835888e-05,0.00015163196,0.00013473316,0.00039651978,1.0877312e-05,4.1609255e-05,1.1331804e-05,7.702595e-06,1.5742691e-05,2.4291567e-05,-5.344475e-05,0.0035778675,9.437138e-07,-6.1227125e-05,-2.014281e-05,-0.00010385148,-2.9906212e-06,0.00012235892,0.00014734302,0.013345663,-0.0002759016,-4.516577e-05,-0.0009141423,-0.0015994742,-0.00069327396,0.0009888879,-0.0020012602,0.00073399686,1.074772e-05,5.110205e-06,7.4047866e-06,2.229431e-05,8.251506e-05,4.7643134e-05,-1.6052658e-05,0.0010329011,1.1205248e-05,7.6232927e-06,-4.03936e-05,5.3370535e-05,0.00011755069,2.5792571e-05,0.00011339422,0.0020591535,1.2523271e-05,5.137656e-05,-3.3627646e-05,-2.7565853e-05,3.9963452e-05,-1.4253975e-05,-0.00010622012,0.0027408702,3.848564e-05,-3.303412e-07,-0.000105875515,-6.684566e-05,0.00021765873,2.6086087e-05,0.000788319
BV*BT,-0.5303148784077673,0.058914203,2.2269998233890793e-19,0.000120145996,0.00015583141,-3.2475775e-05,-0.0019116245,-8.124581e-05,-9.602145e-05,-5.9365826e-05,-0.00017412423,-0.002563385,-0.0002636119,-8.607304e-05,0.00061877636,1.4776001e-05,5.503112e-06,-0.0009413901,-1.8626451e-05,0.001352972,3.6093035e-05,-0.00012701449,0.0003163986,-1.1685729e-05,-0.00038126102,9.042763e-05,-0.00061862275,0.00027398425,0.00021621789,5.2842337e-05,-0.00014276657,-6.7993096e-05,-2.3412622e-05,-1.7759054e-05,-5.7015914e-05,-0.0002759016,0.0034708832,0.001031364,0.0019266381,0.00014290317,0.0019741203,0.0003284181,0.004574934,3.66446e-05,0.00017582727,7.2975345e-06,-4.061592e-05,0.00018253886,6.454008e-05,3.304082e-05,4.844171e-05,0.00020202881,1.912923e-05,1.5944363e-05,-1.6550539e-05,3.552446e-05,0.00018939623,1.0228237e-05,-0.000120699755,-0.0001619115,0.00034138266,1.7851848e-05,-7.1612034e-05,-5.0430634e-05,-1.6597853e-05,0.00018727592,-0.0002820802,0.00019095611,0.00011045255,2.9680416e-05,6.523002e-05,-3.0045063e-05,-0.0002708407,-8.359253e-06,0.0010378407
BV*BU,-0.44629231047779644,0.056342036,2.35371024983875e-15,9.002025e-05,-3.133574e-05,5.1155406e-05,-0.001512363,-5.5238103e-05,-8.708993e-05,-4.33087e-05,-5.5587232e-05,-0.0015869095,-1.422217e-05,-0.00031178546,0.0004507348,0.00010420987,1.8203158e-05,-0.0001730412,-5.259367e-05,0.00035450372,1.795339e-05,0.00011469854,7.039478e-06,-3.08821e-05,-2.7872842e-05,-6.124774e-05,-9.0432186e-05,0.0019319353,-0.00012636965,8.238225e-05,0.00040291666,-0.00027158638,-6.7280016e-05,3.4967677e-05,-0.00020296009,-4.516577e-05,0.001031364,0.0031744249,0.0013984366,2.1180662e-05,0.0009566291,-0.00025003302,0.0017005291,4.6677537e-06,1.3722421e-05,0.00018261437,-5.0057246e-05,0.00014149412,0.00010824796,-0.00012468178,-0.00015706584,-7.1272756e-05,1.0163159e-06,0.0003404629,-0.00023566945,-2.7199054e-05,0.00013675516,-0.00022199423,0.0003425243,-0.0003080049,6.8200943e-06,0.00041157607,2.9282408e-05,-0.00016956394,-0.000114116665,8.586261e-05,-0.0008962003,-2.620135e-05,-1.0400405e-05,0.00036098054,-0.00042701972,-4.9166272e-05,2.2237298e-05,-0.00040170364,0.0007230579
BV*BV,-0.7165580075836572,0.06036747,1.6959674900612167e-32,0.00018757032,-0.00040390622,-0.00037873673,-0.002878456,-0.00014988941,-0.0002068007,-9.0870715e-05,-0.0004270541,-0.0039882446,-3.7399757e-05,-0.00011465179,0.00074847916,0.0001341459,9.752018e-06,-0.00062176445,4.1776635e-05,-9.5833326e-05,0.00032194014,0.00020166891,4.003502e-06,-3.91935e-05,6.705945e-05,-4.0860385e-05,-4.7994472e-05,0.00031739738,0.00019883235,0.0006020779,9.286606e-05,0.00017476383,3.2502074e-05,0.00017612081,-0.00048007225,-0.0009141423,0.0019266381,0.0013984366,0.0036442315,-0.00021729084,0.0027015142,-7.7223005e-05,0.006177248,3.759177e-05,4.6837027e-05,7.755298e-06,3.3903757e-06,0.00037363207,9.833408e-05,0.0001223566,9.799597e-05,0.00028264476,1.0740519e-05,2.9650594e-06,8.075744e-05,5.8425605e-05,0.0004142605,-5.2209154e-05,-0.00016164451,-0.00013397056,3.4695768e-05,6.371059e-05,0.000113842376,-0.00010372702,-2.6050215e-05,0.00028236126,-0.00050366734,8.115586e-05,0.00013461847,3.997947e-06,0.00032030017,-0.00012247532,-0.00018694928,-0.00020653095,0.0023786335
