Param name,Param value,Param stdv,Param p-value,CA,BT,BU,BV,CS,CD,DP,CH,CA*CA,CA*BT,CA*BU,CA*BV,CA*CS,CA*CD,CA*DP,CA*CH,BT*CA,BT*BT,BT*BU,BT*BV,BT*CS,BT*CD,BT*DP,BT*CH,BU*CA,BU*BT,BU*BU,BU*BV,BU*CS,BU*CD,BU*DP,BU*CH,BV*CA,BV*BT,BV*BU,BV*BV,BV*CS,BV*CD,BV*DP,BV*CH,CS*CA,CS*BT,CS*BU,CS*BV,CS*CS,CS*CD,CS*DP,CS*CH,CD*CA,CD*BT,CD*BU,CD*BV,CD*CS,CD*CD,CD*DP,CD*CH,DP*CA,DP*BT,DP*BU,DP*BV,DP*CS,DP*CD,DP*DP,DP*CH,CH*CA,CH*BT,CH*BU,CH*BV,CH*CS,CH*CD,CH*DP,CH*CH
CA,0.16391007230502058,0.021837743,6.104729771409111e-14,0.00047688698,-2.1078104e-05,-3.465946e-05,-0.00011695516,-1.00561565e-05,1.7914789e-06,6.804597e-06,1.8160012e-05,-0.0008349561,-0.00010449662,0.00012951528,-0.0005214601,-0.0006350147,-0.0002510458,-0.00027659992,-0.00043256916,3.3486253e-05,1.6281681e-05,5.0791277e-06,-1.5599268e-06,1.4234923e-06,1.4402445e-05,6.16616e-07,4.8080124e-06,9.663132e-05,1.8899385e-05,4.6288227e-05,2.0932326e-05,5.5730714e-05,1.13191045e-05,1.2994042e-05,-4.631751e-05,0.0002034444,6.567988e-05,9.498763e-05,0.0001167261,4.7376143e-05,8.586025e-05,-6.4485925e-05,0.0002842668,-2.6677475e-05,2.1664318e-06,1.0530044e-05,-1.268211e-06,8.745434e-06,1.0952283e-05,-4.3717595e-05,4.8450853e-05,0.0001758633,-1.1296231e-06,-2.2408614e-05,8.12575e-05,8.933983e-06,1.4055423e-05,-6.3200714e-06,0.00035302926,-0.00042560798,3.9924707e-06,-1.8169838e-05,-5.7915084e-05,-0.00010625634,2.0209194e-05,6.4035457e-06,0.0001211924,-3.5990633e-05,-8.123538e-06,-9.666362e-06,-2.7402428e-05,-4.6603403e-05,5.366407e-05,-2.3577155e-05,2.2992068e-05
BT,0.8117209629565192,0.036099292,5.717897181145385e-112,-2.1078104e-05,0.0013031589,0.0007267999,0.00034402774,7.412108e-05,4.172148e-05,-1.970873e-06,8.2177656e-05,0.00051171554,2.518099e-05,0.00089991867,-0.00015685838,-3.1821673e-05,-1.4406816e-06,0.00016058287,6.6904406e-08,-0.0013427413,-0.0009434618,-0.0015197378,-0.00048690382,-5.811084e-05,-0.0008446106,0.00031391904,-0.00032869328,0.0008364057,-0.00042267065,-0.00091091625,-0.00040002374,-0.000647455,-0.0005132249,-0.00022264813,-5.773627e-05,1.1739471e-05,0.0001323967,-1.8493727e-06,-0.0003287109,-0.000119943965,-0.00028751275,-0.0003168721,-0.0006593079,7.213463e-05,1.0318567e-05,-1.37152e-05,-4.3288273e-06,-0.00016447682,-0.00012041362,-9.486626e-05,-0.00015126857,3.1419877e-05,-9.315498e-05,-0.00010348522,-7.904224e-05,2.9385674e-06,-2.9425304e-05,5.8732345e-05,-0.00046211167,-2.342293e-05,0.00011093015,-7.580908e-05,2.916431e-05,-1.7394517e-05,3.19733e-05,1.7472219e-05,-3.858175e-05,1.565781e-05,-2.5939864e-05,1.3262168e-05,7.482757e-06,7.3512856e-05,-0.00018371815,-2.3836488e-05,-0.00041250626
BU,0.7325589290186767,0.042224012,1.9950828158922255e-67,-3.465946e-05,0.0007267999,0.0017828671,0.0005079268,0.00012597322,-0.000161652,-2.375561e-05,-0.00023269217,0.00096788455,1.9418214e-05,0.0012079553,-0.00027318622,-8.88138e-05,-5.9115423e-06,0.00016520698,8.410201e-06,0.00022494089,-0.00055376295,-9.063512e-05,-5.3480868e-05,1.2507602e-06,-0.0006331671,-0.00014726506,-0.000257918,-0.004478122,-0.0009445517,-0.0022761968,-0.0012772471,-0.0015718401,-0.0012555043,-0.00028022818,-3.263848e-05,7.9942154e-05,-0.0001043811,1.4095573e-05,-0.0004999367,-0.00021121335,-0.0006057956,-0.0005226251,-0.0011672603,0.00019752183,-4.3985056e-05,-3.0787196e-05,-4.7760564e-05,-0.00025734253,-0.0003050717,-7.2860705e-05,-0.00044116372,0.0001785849,-9.939202e-05,-0.00021451469,-0.00038438253,-2.7026983e-05,0.00038892694,0.000108776876,-6.7440305e-05,-7.061245e-05,2.7410046e-05,-0.0001633803,6.2055944e-05,-9.847075e-06,3.0972336e-05,7.635073e-05,-7.765246e-05,-0.00024227015,5.075754e-05,0.000105504274,-0.00012907587,-2.690815e-05,9.5604904e-05,-8.3358784e-05,0.0017463182
BV,0.8025310412439806,0.04246744,1.1944929632618417e-79,-0.00011695516,0.00034402774,0.0005079268,0.0018034836,0.0001342034,6.405253e-05,2.5622849e-05,0.00037630854,0.002816745,2.2367964e-05,0.0017051632,-0.0007937083,-0.0002354123,4.6084846e-05,0.00050411007,5.370254e-05,0.00011268584,-0.0002670015,-0.00012193408,-3.4803086e-06,6.4045735e-06,-0.00021564554,6.615506e-07,-4.634583e-05,4.1136842e-05,-0.00023797671,-0.0006491392,-9.2805945e-05,-0.0004959744,-0.0002974037,-0.00021110347,-6.629542e-05,0.00018159118,-0.0011940434,-0.0011801781,-0.0018726176,-0.00034589716,-0.0021760035,-0.0002298438,-0.004194509,0.000116191964,-4.2348955e-05,-5.77531e-05,2.583586e-05,-0.00032424266,-0.00014407978,-0.00011768394,-0.0002041765,0.0002198844,-4.917514e-05,-5.689443e-05,-0.00076772587,-0.00014309041,-7.786717e-05,3.130133e-06,7.046098e-05,0.00015543876,4.2437673e-06,-8.413503e-05,5.4428547e-05,5.239424e-05,-3.0764961e-06,-3.786833e-05,3.685384e-05,-6.631919e-06,-2.2172682e-05,-5.7513513e-05,-2.2102487e-05,0.00015867368,-0.00051239884,0.000102473634,-0.002499654
CS,0.4664990726323565,0.019301891,4.764006140509319e-129,-1.00561565e-05,7.412108e-05,0.00012597322,0.0001342034,0.00037256302,4.65699e-05,2.2986602e-05,0.00012340954,0.00016321082,3.9355396e-07,-3.4027908e-05,-4.9493417e-05,-2.7419133e-05,1.0677271e-06,0.00016062742,4.63455e-06,2.3633158e-05,-5.2813968e-05,-1.1966215e-05,-1.379545e-06,-2.002935e-05,-5.3387823e-05,-2.0330092e-05,-2.716567e-05,0.00041210547,-4.8580572e-05,-0.00010856594,-4.0354447e-05,-8.2202205e-05,-9.194096e-05,-0.00011593759,-0.00014104319,-2.5477684e-05,-5.5902183e-05,-5.5550354e-05,-0.000114278024,-8.285359e-05,-0.000102475344,-0.00011472673,-0.00014663706,0.00026609568,-0.00017148755,-0.00022344216,-0.00016336855,-0.00073102524,-0.00051280885,-0.00052299735,-0.00067436934,-3.9329516e-05,-4.631901e-06,-3.081972e-05,-1.8059458e-05,-0.00014707966,-7.281733e-05,3.0912054e-07,-3.5771733e-05,-7.9631056e-05,-5.379059e-06,-5.2521005e-05,-2.3216187e-05,-7.289095e-05,-7.726736e-06,-1.2315688e-05,-3.2593187e-05,7.551303e-05,-1.2193423e-05,-3.0441694e-05,8.3314435e-06,-0.00013806987,-0.00015547268,3.3161778e-06,-0.0006035433
CD,0.6124262666060601,0.034876935,5.019658033152837e-69,1.7914789e-06,4.172148e-05,-0.000161652,6.405253e-05,4.65699e-05,0.0012164005,2.4484212e-05,0.0005989883,-6.483359e-06,-1.3365751e-06,-0.00015282178,-3.4146135e-05,-9.83399e-06,-4.1287327e-05,0.00027293453,-4.8119353e-05,1.9302224e-05,-2.8827468e-05,-5.1612806e-05,1.20691375e-05,1.3458511e-05,7.672591e-05,-3.4019645e-06,6.328093e-05,-0.0003869602,0.000110456196,0.00023220673,0.00013455312,0.00018276242,0.00028860796,3.283089e-05,-0.00053435063,-0.000106847096,-7.528926e-06,5.2970932e-05,-5.2282867e-05,-5.7002304e-05,0.00011524489,-0.0002504903,0.0002021995,-5.893318e-05,-6.1648275e-06,-3.3863438e-05,-1.4606009e-05,-9.069528e-05,6.484179e-05,-9.443106e-05,8.1380225e-05,0.0005360703,-0.0003057852,-0.0004882471,-0.00064454693,-0.0008786686,-0.0016455256,0.00010496156,-0.007230994,-9.3165254e-05,-1.1138843e-05,-7.434482e-05,-1.1608208e-05,-5.2709263e-05,0.00012442388,-8.125307e-06,-3.1268744e-05,0.00034217877,-6.6476845e-05,-9.024139e-05,-0.00023989157,3.3612538e-05,-0.0015891311,-3.0777577e-05,-0.0027346537
DP,0.32562042632843735,0.02117156,2.2265093309421183e-53,6.804597e-06,-1.970873e-06,-2.375561e-05,2.5622849e-05,2.2986602e-05,2.4484212e-05,0.000448235,-1.3729779e-05,-8.0295984e-05,6.3659954e-06,-3.789495e-05,6.235472e-07,4.4963144e-07,3.2775745e-06,0.0007897097,4.572349e-07,-2.6912712e-05,4.6844134e-06,-1.9619398e-05,-5.7979403e-08,-9.901268e-08,8.445496e-06,-7.5468656e-06,2.821789e-06,-7.8710764e-05,1.5567728e-05,2.62552e-05,4.145839e-05,3.1968222e-05,2.8260572e-05,4.318571e-05,6.208889e-05,-2.3853238e-05,-5.6222507e-06,-2.1224336e-05,-5.646806e-06,-3.8860333e-05,-2.3291599e-05,7.712413e-05,-8.1124526e-05,1.6941953e-05,4.4719513e-07,-2.9829382e-05,-1.1359842e-05,-2.1052536e-05,-7.4900877e-06,0.0003083422,-6.219151e-05,2.0465443e-05,-8.954668e-06,-3.7706046e-05,-3.55274e-05,2.1127473e-05,-1.6602587e-05,1.4345524e-06,-0.00018304378,-9.7819626e-05,-0.00021618891,-0.0004125135,-0.00032175405,-0.00062871235,-0.00045607274,-0.00029492832,-0.0009954494,9.40722e-07,2.406849e-06,1.2130996e-05,2.658235e-06,-1.6877902e-05,1.2107761e-05,4.7862486e-05,8.89174e-06
CH,0.5668574639073543,0.045290917,6.109639742388629e-36,1.8160012e-05,8.2177656e-05,-0.00023269217,0.00037630854,0.00012340954,0.0005989883,-1.3729779e-05,0.0020512673,-2.6468477e-05,-1.5192044e-05,-0.0003698827,-0.00011359569,-4.055336e-05,4.6314875e-05,0.0007221561,-2.358458e-05,2.522627e-05,-5.780811e-05,-7.992179e-05,-1.3703261e-05,1.6201055e-05,3.1448228e-05,-3.690609e-05,-4.5593788e-05,-0.0007495836,0.00016387575,0.00038115078,0.00015074023,0.0004116523,8.589054e-05,0.00021248736,-0.0021800746,-0.00016573808,-0.00017741858,-2.3415478e-05,-0.0003685349,-0.00019833424,0.000155005,-0.0007070472,5.0018818e-05,-3.3092296e-05,-2.5500169e-05,-6.601571e-05,-4.2986067e-05,-0.00029407794,7.829611e-05,-0.0001775409,0.00034098513,-0.0017564493,0.0001863655,0.00022386308,0.00039428138,-0.00018418743,-0.0012566466,-0.00027085788,0.0023022306,-0.00018341643,-1.3034396e-05,-8.835597e-05,3.3516222e-05,-3.6400623e-05,5.4726264e-05,4.7199777e-05,0.00019879456,0.0013803702,-0.00024645287,-0.00029964215,-0.00070362113,0.00060429005,-0.0020621237,0.00013624429,-0.010901169
CA*CA,-1.6901692377577577,0.27290824,5.896317738934729e-10,-0.0008349561,0.00051171554,0.00096788455,0.002816745,0.00016321082,-6.483359e-06,-8.0295984e-05,-2.6468477e-05,0.0744789,0.00059588766,0.037622362,-0.012559712,-0.011884028,0.00036217095,0.020408863,-0.0023729678,-0.00035316957,-0.00040543306,-3.555445e-05,-1.6229338e-05,-6.516669e-05,-0.00034681903,-1.2693311e-05,-5.490488e-05,-0.0038633011,-0.00044000373,-0.0012139608,-0.0004167897,-0.0013871059,-0.0004381262,-0.00028651475,0.0005989938,-0.0055872295,-0.0017654919,-0.0020223535,-0.0027857465,-4.662609e-05,-0.0031335424,0.0004924523,-0.0077772597,0.001027065,-3.6312347e-05,-0.00011147611,0.00013395237,-0.00036598035,-0.00019470401,0.0004336402,-0.0006279971,0.000934354,-0.00018048577,-0.0001239066,-0.0016058416,-0.00070981466,0.0001901883,-8.291161e-05,-0.0018357222,0.004299232,4.0346586e-06,0.00025863602,0.0006269585,0.001227393,-0.00010833541,-4.9496535e-05,-0.0020146044,0.0020081217,4.6344325e-05,-1.1602462e-05,-3.9496877e-05,-0.00012412161,-0.0006029615,5.309182e-05,0.00019586073
CA*BT,-0.08694186547909398,0.03544976,0.014185254630424316,-0.00010449662,2.518099e-05,1.9418214e-05,2.2367964e-05,3.9355396e-07,-1.3365751e-06,6.3659954e-06,-1.5192044e-05,0.00059588766,0.0012566855,0.00042496223,3.3457184e-06,-5.3937933e-05,5.5110046e-05,-0.00048998697,0.00012977901,0.0003206548,-1.8353e-05,-5.379455e-05,-2.7617025e-06,2.172007e-05,-1.4662916e-05,1.559943e-05,2.1434164e-06,-0.00012232392,-1.713625e-05,-2.5220828e-05,-8.504558e-06,-2.3420605e-05,-6.914467e-06,-8.021013e-06,2.1612464e-05,-4.063524e-05,-0.00010830926,-4.0165096e-06,-1.711516e-05,-2.5587722e-05,-6.45077e-06,-1.9441848e-05,-4.337391e-05,3.3445067e-05,-4.924351e-06,-7.9416196e-07,-6.275124e-06,9.374178e-06,3.3249066e-07,-7.173112e-06,-6.892652e-07,-4.1297997e-05,1.0198428e-05,3.8327204e-07,-2.228546e-05,-7.836207e-06,1.8969131e-06,-3.6652148e-07,-0.00011828941,-5.2151794e-05,7.534981e-05,-1.6234108e-05,5.5468186e-06,-1.7544979e-05,-2.1236522e-06,7.099429e-06,-0.00015941613,-6.4215214e-06,-2.5893894e-06,7.636312e-06,9.089094e-06,-5.1685265e-06,-1.3276787e-06,9.797236e-06,7.101164e-05
CA*BU,-1.0284604182671164,0.2879865,0.00035533492078774516,0.00012951528,0.00089991867,0.0012079553,0.0017051632,-3.4027908e-05,-0.00015282178,-3.789495e-05,-0.0003698827,0.037622362,0.00042496223,0.08293622,-0.011182808,-0.011790389,0.00036610023,0.026647609,0.0013061635,-0.0004799585,-0.00063829677,-0.0007983465,0.000245415,0.00035068532,-0.00064942875,-6.316827e-05,-0.00087753363,0.10671565,-0.00063577434,-0.0020935345,0.004137654,0.006332887,-0.0011263359,-0.0019316482,-0.0050369017,0.0003754595,-0.000750541,-0.0006179475,-0.0014964102,-0.0033452609,-0.001888067,0.0036347134,-0.004491677,0.0022521678,4.9260358e-05,-0.0002747205,-0.0012667543,0.0003837153,4.281614e-05,0.0013413237,0.0017951814,-0.00012743908,-0.00012760716,-0.00020478027,-0.0018838331,-0.00090815115,0.00053980824,0.0003082315,4.591548e-05,0.00073482713,-0.000114127644,-0.0006811895,-0.0007442941,-0.0005852573,0.00022348696,0.00020714113,0.002633386,-0.00070123916,0.000114310824,8.115903e-05,-0.00089389674,-0.0024773623,0.00044916672,0.00097486796,0.0041613956
CA*BV,0.3839791801350756,0.07043695,4.9977985314119916e-08,-0.0005214601,-0.00015685838,-0.00027318622,-0.0007937083,-4.9493417e-05,-3.4146135e-05,6.235472e-07,-0.00011359569,-0.012559712,3.3457184e-06,-0.011182808,0.004961364,0.0025678747,0.0001485856,-0.0077881305,0.0001811515,2.9530112e-05,0.00012331484,2.6587244e-05,4.348555e-06,2.5962316e-05,0.00010088501,1.0738917e-05,1.2570858e-05,0.0007453928,0.00011705668,0.00032990432,6.769726e-05,0.00040269495,0.00014719175,0.00012475208,-4.3433312e-05,-0.00032106825,0.0005278012,0.00061376527,0.0006545505,0.00033339227,0.00096884824,0.0004562738,0.0018949589,-0.0006927214,1.6004858e-05,3.5960697e-05,-5.0851733e-05,0.00018720333,5.5473436e-05,6.447964e-05,-5.2151736e-06,-0.000113180446,3.676437e-05,5.9357964e-05,0.00048198018,4.4048484e-05,-2.7535268e-06,-8.76356e-07,7.9330384e-05,0.0001442325,4.4174844e-06,2.3669274e-05,-8.643622e-06,7.1894615e-06,-3.5303203e-06,2.431398e-06,-0.0001131055,-4.3234595e-05,4.021257e-06,3.944817e-05,1.9841218e-05,4.2970576e-05,0.00016134605,9.67208e-06,0.00063107
CA*CS,0.20810457668727989,0.095929235,0.030055734197493352,-0.0006350147,-3.1821673e-05,-8.88138e-05,-0.0002354123,-2.7419133e-05,-9.83399e-06,4.4963144e-07,-4.055336e-05,-0.011884028,-5.3937933e-05,-0.011790389,0.0025678747,0.009202418,0.00022765614,-0.01014021,0.0003916351,6.290672e-05,2.6543807e-05,-2.3500463e-05,1.2623154e-05,-8.058355e-06,2.9677767e-05,1.3086685e-05,-1.3750598e-05,0.0002883011,2.943858e-05,0.000108965156,5.78398e-05,-0.00011701485,6.5621905e-05,8.467658e-05,1.0845443e-05,0.00052789086,0.00013591784,0.00018605168,0.00029424866,-0.0006805383,0.00035984308,0.00027598237,0.0006286527,-0.0016316931,3.9909915e-05,8.322777e-05,9.5192736e-05,-0.00023039989,4.3884425e-05,0.00039374948,4.4723693e-05,-0.00037985953,3.1631807e-05,1.1680888e-05,7.0142705e-05,0.0005299396,-5.074368e-05,-1.0838827e-06,-0.0002432412,0.0011263734,3.6985693e-05,3.535718e-05,0.00016312006,0.00018351,-2.7743334e-05,-1.0318611e-05,-0.000599202,9.289936e-05,1.1168126e-05,1.19673405e-05,3.69275e-05,0.0003924314,2.0722327e-05,6.67826e-05,-7.707049e-05
CA*CD,-0.09874446975028658,0.04580624,0.031107170584578448,-0.0002510458,-1.4406816e-06,-5.9115423e-06,4.6084846e-05,1.0677271e-06,-4.1287327e-05,3.2775745e-06,4.6314875e-05,0.00036217095,5.5110046e-05,0.00036610023,0.0001485856,0.00022765614,0.0020982116,7.351561e-05,-0.00022580405,-2.9285613e-05,1.7217518e-06,7.1889e-06,1.9373542e-06,-1.2991139e-06,-4.344792e-06,-1.6538775e-06,-4.9993982e-06,-0.00013109861,7.256005e-06,1.1842112e-05,1.3905032e-05,1.0385026e-05,-2.737083e-05,1.1643292e-05,-6.197336e-05,-4.2147294e-06,-2.1685662e-05,-1.8500281e-05,-3.6059264e-05,-1.8737815e-05,-0.00034178564,-1.8794157e-05,-0.0001792378,0.0001396402,1.6780832e-06,8.9192e-07,-2.8659908e-06,6.2804597e-06,4.7945414e-06,-2.7906944e-07,-9.719155e-06,0.00077646034,-1.172906e-05,-4.3837845e-05,0.000109650384,-1.698568e-05,0.00010735049,-8.1228745e-06,0.0009799777,7.699134e-05,-4.2057995e-06,-4.4250355e-05,2.663657e-05,-3.4823463e-06,8.9844325e-05,1.0760252e-06,-5.0721086e-05,-9.271806e-05,-9.791945e-06,-1.9659063e-05,-8.465507e-05,1.8706083e-05,0.00012590569,-2.6160678e-06,-0.00022306334
CA*DP,-1.1989332824801975,0.51788086,0.02060880071990514,-0.00027659992,0.00016058287,0.00016520698,0.00050411007,0.00016062742,0.00027293453,0.0007897097,0.0007221561,0.020408863,-0.00048998697,0.026647609,-0.0077881305,-0.01014021,7.351561e-05,0.2682006,-0.0034135592,0.00036092603,-0.00011837225,-8.14858e-05,-2.471388e-05,-5.2929092e-05,-8.3477506e-05,-9.4267625e-06,0.00014798327,0.0009367525,-2.022217e-06,-5.063799e-06,-0.00039157705,-0.0009836215,-6.324471e-05,0.00079372677,-0.0005936378,0.00029131788,-0.00044793755,-0.0003678785,-1.993062e-05,-0.0008175419,-0.00043717702,0.0014688836,-0.0010778011,0.007500078,-0.00017459731,-0.00077265024,0.0002858644,-0.000175223,0.00010569652,0.005117364,0.0013377962,-0.0029098112,3.9607407e-05,-0.00029586957,0.000118448916,0.0008657244,-0.00049313094,0.00085904746,1.8498149e-05,0.0197114,-0.0012250773,-0.004407106,0.0036245377,0.006109043,0.00037674094,-0.0015881903,0.0141073065,-5.740911e-05,-6.3084735e-05,-1.136036e-05,0.0006627724,0.00093382073,-0.0009971573,-0.00037006257,-0.0061208634
CA*CH,-0.07352523558709229,0.09889788,0.4572116974522017,-0.00043256916,6.6904406e-08,8.410201e-06,5.370254e-05,4.63455e-06,-4.8119353e-05,4.572349e-07,-2.358458e-05,-0.0023729678,0.00012977901,0.0013061635,0.0001811515,0.0003916351,-0.00022580405,-0.0034135592,0.009780791,-8.0369406e-05,1.8022437e-06,6.3501407e-06,1.0760407e-05,-2.7132069e-06,-6.7161986e-06,-2.52639e-07,-5.5191784e-05,-0.0004803246,9.02648e-06,3.5146993e-06,7.004648e-05,2.6647574e-06,-1.2270915e-05,7.3543015e-05,-0.0003236514,0.00013301263,-2.2269856e-05,5.6543786e-06,3.0652664e-06,-9.29039e-05,-0.00013127824,9.8527606e-05,-0.0009682206,-0.00035828885,4.0288596e-06,2.2871072e-05,-1.55184e-05,5.029966e-05,-1.0761161e-06,-6.133162e-05,-0.00035377213,0.0005867578,-1.6890628e-05,-7.963684e-05,0.0001366651,0.00017583938,7.143618e-05,-4.4911394e-05,0.0006846042,-0.00085310376,-3.4274504e-05,1.3859707e-05,-7.788737e-05,-0.00018152081,-9.447288e-06,-3.415147e-06,0.0005210333,0.0014127074,-4.068016e-06,-5.819784e-05,5.53992e-05,9.794475e-05,8.5562615e-06,-0.00013939774,0.00034314583
BT*CA,0.04476021047328815,0.6684384,0.9466116690339613,3.3486253e-05,-0.0013427413,0.00022494089,0.00011268584,2.3633158e-05,1.9302224e-05,-2.6912712e-05,2.522627e-05,-0.00035316957,0.0003206548,-0.0004799585,2.9530112e-05,6.290672e-05,-2.9285613e-05,0.00036092603,-8.0369406e-05,0.44680983,-0.0002179747,0.0037425547,-0.0010435537,-0.0035225227,0.00035457412,-0.0002340395,0.001530593,0.004309516,-0.00037632376,-0.0003489246,-7.103327e-05,-0.0003700523,-9.504656e-05,-7.873004e-05,0.00042061854,0.0002242735,0.00047065862,-4.598954e-05,-0.00018441232,0.0006874704,-0.00012579832,0.00016643597,-0.00067556987,0.00096857647,0.00025913425,-3.3291864e-05,0.000110060646,-0.00011661584,-2.6375197e-05,4.7341688e-05,-0.000276337,4.060693e-05,-1.7281545e-07,-5.3048818e-05,-5.6362238e-05,9.901652e-05,-5.8589005e-05,4.6539644e-05,4.5598175e-05,0.00033019143,-0.00012706655,7.676447e-05,3.500839e-05,0.0002660767,-2.4331064e-05,-3.3537246e-05,0.00010528559,0.00012496935,3.7884747e-05,-1.3679696e-05,-0.00013465685,0.0001657176,-7.7946184e-05,-3.0886602e-06,-7.465571e-05
BT*BT,-0.5463272951022833,0.030432746,4.633006337174778e-72,1.6281681e-05,-0.0009434618,-0.00055376295,-0.0002670015,-5.2813968e-05,-2.8827468e-05,4.6844134e-06,-5.780811e-05,-0.00040543306,-1.8353e-05,-0.00063829677,0.00012331484,2.6543807e-05,1.7217518e-06,-0.00011837225,1.8022437e-06,-0.0002179747,0.000926152,0.00075892865,0.00021560243,-0.00030775653,0.0005103759,-0.00058381713,-0.00025867138,-0.0006285225,0.0004001854,0.0007251444,0.00030151082,0.0005223837,0.00032506353,0.00018117335,-0.00023526985,-1.5166713e-05,4.2382588e-05,-6.1602495e-06,0.0002605295,9.134806e-05,0.0002099712,0.00025518276,0.0004972047,-6.227568e-05,3.3011678e-05,-6.93456e-07,2.4763674e-06,0.0001300391,7.281691e-05,7.202836e-05,8.487359e-05,-3.409562e-05,6.898986e-05,7.324271e-05,5.7296336e-05,-2.6889682e-06,2.1859016e-05,-4.377309e-05,0.00031774738,2.0589168e-05,-4.947276e-05,4.37675e-05,-2.4390001e-05,9.046355e-06,-2.3040138e-05,-1.3160449e-05,1.8469244e-05,-1.634255e-05,1.8722052e-05,-8.523383e-06,-6.5377435e-06,-5.437442e-05,0.00012153129,2.1921504e-05,0.0002931772
BT*BU,-0.40601673283689077,0.0937428,1.4831395117866328e-05,5.0791277e-06,-0.0015197378,-9.063512e-05,-0.00012193408,-1.1966215e-05,-5.1612806e-05,-1.9619398e-05,-7.992179e-05,-3.555445e-05,-5.379455e-05,-0.0007983465,2.6587244e-05,-2.3500463e-05,7.1889e-06,-8.14858e-05,6.3501407e-06,0.0037425547,0.00075892865,0.008787713,0.00049492717,0.00013407167,-0.00042814444,-0.0017268982,-0.0032589138,-0.001217539,0.0014063029,0.0003051181,-0.00016129902,-0.00031587525,-0.000395871,-0.00012344966,0.0007520928,6.8994246e-05,-0.00023504326,0.00016225921,7.933714e-05,-4.3428252e-05,-2.1102938e-05,-5.917823e-06,0.00024563243,4.3374082e-05,4.403522e-05,7.9305726e-05,-4.0782175e-05,-4.474873e-05,-0.00010177258,-1.1147499e-05,0.00023084324,1.4731783e-05,-3.1164553e-05,9.1842514e-05,-0.00012349969,-5.3482254e-05,4.9277623e-05,-4.1496387e-05,0.0006205339,-7.196606e-05,-0.00013533139,0.0001001356,3.5056944e-06,5.1844413e-06,-1.1735229e-05,8.293295e-06,3.5897567e-05,-5.939544e-05,7.362457e-05,3.947175e-05,-0.00023237945,-0.00017504006,0.00012352901,-4.8262194e-05,0.0009585672
BT*BV,-0.09552549186269382,0.054973032,0.08226736527692348,-1.5599268e-06,-0.00048690382,-5.3480868e-05,-3.4803086e-06,-1.379545e-06,1.20691375e-05,-5.7979403e-08,-1.3703261e-05,-1.6229338e-05,-2.7617025e-06,0.000245415,4.348555e-06,1.2623154e-05,1.9373542e-06,-2.471388e-05,1.0760407e-05,-0.0010435537,0.00021560243,0.00049492717,0.0030220342,8.3126115e-06,0.00028619266,-0.00022994008,0.0004093924,0.0002836808,3.324769e-05,2.9845332e-05,0.00018661452,2.7615564e-05,6.82292e-05,6.2159044e-05,-0.00022317312,-1.2677342e-05,0.0003193837,1.5179535e-05,2.0595464e-05,3.3298807e-07,-2.7186226e-05,9.718464e-05,-9.758295e-05,1.0669471e-05,-2.4324113e-06,-3.7208051e-06,2.1851318e-05,-1.7110918e-06,6.3463262e-06,2.2175966e-05,-8.086419e-05,2.2924029e-05,-2.8294419e-06,1.2154728e-05,2.2185865e-05,1.5215589e-05,-3.001323e-05,7.662647e-06,-0.00015326681,3.334118e-05,-1.2592021e-05,2.5444635e-06,4.0836954e-07,8.9446263e-07,-2.0038719e-07,-3.9181023e-06,7.2923076e-06,-4.5435416e-05,1.7244138e-06,1.1753422e-05,3.699185e-05,-3.2166379e-06,1.6928284e-06,1.614335e-05,1.3714754e-06
BT*CS,-0.06503684378090313,0.09146609,0.47705406959986574,1.4234923e-06,-5.811084e-05,1.2507602e-06,6.4045735e-06,-2.002935e-05,1.3458511e-05,-9.901268e-08,1.6201055e-05,-6.516669e-05,2.172007e-05,0.00035068532,2.5962316e-05,-8.058355e-06,-1.2991139e-06,-5.2929092e-05,-2.7132069e-06,-0.0035225227,-0.00030775653,0.00013407167,8.3126115e-06,0.008366046,0.0001333458,-0.00035467246,8.619958e-05,0.00020429457,8.9968475e-05,-0.00014363797,-7.2818793e-06,0.000812221,2.1250607e-05,3.3634155e-05,9.4819974e-05,-2.0679397e-05,-1.1936496e-06,-1.658192e-05,-2.76987e-05,0.00026738705,7.741861e-06,-9.66461e-06,-0.00012586781,-0.00010719741,0.00013193101,3.075547e-05,1.9801966e-05,0.00016048181,2.265243e-05,3.2309217e-05,-0.00011008568,-4.3671295e-07,-4.3626974e-06,8.583819e-07,2.495125e-07,8.064639e-05,-3.436007e-05,-5.8882665e-07,-3.8110393e-05,9.189622e-05,2.5419078e-05,8.183694e-06,-5.6971376e-06,7.35798e-05,-5.9007757e-06,-1.0304753e-05,-2.4297125e-05,1.7773793e-05,1.7581928e-05,-8.547374e-06,-2.9670533e-05,0.0001605813,-1.9086656e-05,-1.0054964e-05,-0.00013382973
BT*CD,-0.5022239119004674,0.05873082,1.2172661389517965e-17,1.4402445e-05,-0.0008446106,-0.0006331671,-0.00021564554,-5.3387823e-05,7.672591e-05,8.445496e-06,3.1448228e-05,-0.00034681903,-1.4662916e-05,-0.00064942875,0.00010088501,2.9677767e-05,-4.344792e-06,-8.3477506e-05,-6.7161986e-06,0.00035457412,0.0005103759,-0.00042814444,0.00028619266,0.0001333458,0.0034493092,0.00020333711,0.0005760279,-0.00057394785,0.00020747325,0.0005415826,0.00050798536,0.0005374756,0.0017969076,5.6558e-05,-0.00015847781,-2.2404398e-05,-0.00023584453,-8.144618e-05,0.00020761389,8.520693e-05,0.00056142226,0.00018024651,0.0003736939,-2.4430467e-05,-4.0738745e-05,1.551823e-05,1.6639287e-05,7.7648925e-05,0.00058555277,3.428822e-05,1.3417569e-05,0.00016860769,0.00029558266,1.8060196e-05,0.00010579732,2.045001e-05,-7.078893e-05,4.453315e-05,0.00015738473,2.1966429e-05,-0.000118834025,3.751213e-05,-2.6619915e-05,5.145998e-06,-2.8619523e-05,-1.4482335e-05,5.068642e-06,5.773405e-06,2.3607408e-05,-3.7208414e-05,7.712625e-05,-5.5327837e-06,0.00044924833,-6.002447e-07,-0.0004968735
BT*DP,-0.05643962619179619,0.17068459,0.7408966309574122,6.16616e-07,0.00031391904,-0.00014726506,6.615506e-07,-2.0330092e-05,-3.4019645e-06,-7.5468656e-06,-3.690609e-05,-1.2693311e-05,1.559943e-05,-6.316827e-05,1.0738917e-05,1.3086685e-05,-1.6538775e-06,-9.4267625e-06,-2.52639e-07,-0.0002340395,-0.00058381713,-0.0017268982,-0.00022994008,-0.00035467246,0.00020333711,0.02913323,-0.0014966778,0.0005782601,0.00032948272,-7.725889e-05,0.00020540024,0.0001870902,2.7596745e-05,0.001410709,0.0005189251,7.466654e-06,8.546373e-05,-2.010645e-05,-1.4806667e-05,3.6016263e-05,-2.8957462e-05,0.00051046634,-4.1708536e-06,2.4097294e-06,3.7726088e-05,1.0115391e-05,1.3110433e-05,3.2041285e-06,-1.07834885e-05,0.0004079956,0.00010434801,-5.8904275e-06,-1.6614256e-05,9.760899e-06,3.844102e-05,3.195833e-06,4.9092196e-06,3.203722e-05,-0.00018883566,3.0490568e-05,0.000103049155,-4.9745315e-05,8.455513e-06,7.312482e-05,5.5579036e-05,3.3796277e-05,5.0714487e-05,-3.668567e-05,5.4634307e-05,4.2755614e-06,5.9378825e-05,-0.0001038193,-4.5434586e-05,0.00018785149,0.0002670621
BT*CH,-0.00514247010536471,0.14271526,0.9712559836644242,4.8080124e-06,-0.00032869328,-0.000257918,-4.634583e-05,-2.716567e-05,6.328093e-05,2.821789e-06,-4.5593788e-05,-5.490488e-05,2.1434164e-06,-0.00087753363,1.2570858e-05,-1.3750598e-05,-4.9993982e-06,0.00014798327,-5.5191784e-05,0.001530593,-0.00025867138,-0.0032589138,0.0004093924,8.619958e-05,0.0005760279,-0.0014966778,0.020367645,-0.0007586939,-0.00018720614,-9.043932e-05,4.788315e-05,0.00017913306,0.00016888851,-2.0457861e-05,0.004761347,2.6258224e-06,-0.0004489692,-0.000104846855,-8.434455e-06,-1.7715915e-06,3.7620626e-05,-0.00018160012,0.0010272526,-8.047464e-05,-6.2791565e-05,4.955938e-06,-2.2364533e-05,-4.7312233e-06,-1.7316703e-05,-4.1272637e-05,0.0008146195,7.258581e-05,4.1734856e-05,-7.623213e-05,2.053926e-06,-1.1329473e-05,-0.00012301338,-1.3021903e-05,-5.6501052e-05,-7.986703e-05,5.8050256e-05,1.4790033e-05,-4.830326e-07,-5.0241404e-05,-9.893464e-06,-2.255416e-05,0.00027860227,0.00016454309,0.00013744389,-9.829376e-05,-5.8115504e-05,-8.645439e-05,-7.935939e-06,-0.0001245343,0.00087785145
BU*CA,-0.7416613399567993,1.4817061,0.616691027506425,9.663132e-05,0.0008364057,-0.004478122,4.1136842e-05,0.00041210547,-0.0003869602,-7.8710764e-05,-0.0007495836,-0.0038633011,-0.00012232392,0.10671565,0.0007453928,0.0002883011,-0.00013109861,0.0009367525,-0.0004803246,0.004309516,-0.0006285225,-0.001217539,0.0002836808,0.00020429457,-0.00057394785,0.0005782601,-0.0007586939,2.195453,0.0012688637,0.006713298,-0.00968838,-0.016326107,0.001153152,0.0063947714,0.0026881895,0.0018420295,0.0003459454,-0.0016294016,-0.00013520515,0.009882372,0.0001262042,-0.010064182,-0.0007207599,0.006327563,-0.000118252916,-0.0010199207,0.0016067051,-0.0012488845,-0.00066162465,-0.002315464,-0.0027010262,0.00072342536,-0.00012347304,-6.53007e-05,0.00013759972,0.0015644465,0.0006922062,-0.00015224253,0.00044451747,-0.001348875,-1.6926519e-05,0.0008382195,0.0016118801,0.0027939857,-0.00028739643,-0.0003266121,-0.004241134,0.00088618975,0.00015684919,-0.0001472761,0.0005152264,0.0057767048,0.000866331,-0.0023056283,0.0021749192
BU*BT,-0.385795646800093,0.041105796,6.265909095712723e-21,1.8899385e-05,-0.00042267065,-0.0009445517,-0.00023797671,-4.8580572e-05,0.000110456196,1.5567728e-05,0.00016387575,-0.00044000373,-1.713625e-05,-0.00063577434,0.00011705668,2.943858e-05,7.256005e-06,-2.022217e-06,9.02648e-06,-0.00037632376,0.0004001854,0.0014063029,3.324769e-05,8.9968475e-05,0.00020747325,0.00032948272,-0.00018720614,0.0012688637,0.0016896864,0.0012293922,0.0006719921,0.00076800364,0.0002820075,0.0002133015,-0.0014710361,-3.9855706e-05,0.00022652892,-7.055343e-05,0.00024196903,5.8149802e-05,0.00027356786,0.0003416296,0.00052458554,-6.029627e-05,0.00016723038,-3.182035e-05,1.38963205e-05,7.968161e-05,6.616804e-05,2.090809e-05,0.00020594594,-0.00010928868,-3.7242626e-05,0.00014863821,0.00023796764,4.8235666e-05,-0.0002616521,-3.1525822e-05,-3.7040267e-05,6.448781e-05,8.32373e-07,8.1701095e-05,-3.5301848e-05,-3.322658e-05,1.1573799e-05,-4.558213e-05,6.862091e-05,8.887561e-05,-9.9538156e-05,-1.8228766e-05,0.00012970749,5.5378434e-05,-9.876928e-05,7.639063e-05,-0.0012425975
BU*BU,-0.8971565169885704,0.06953531,4.3758567651157374e-38,4.6288227e-05,-0.00091091625,-0.0022761968,-0.0006491392,-0.00010856594,0.00023220673,2.62552e-05,0.00038115078,-0.0012139608,-2.5220828e-05,-0.0020935345,0.00032990432,0.000108965156,1.1842112e-05,-5.063799e-06,3.5146993e-06,-0.0003489246,0.0007251444,0.0003051181,2.9845332e-05,-0.00014363797,0.0005415826,-7.725889e-05,-9.043932e-05,0.006713298,0.0012293922,0.0048351586,0.0009447561,0.0009785666,0.00081766176,-0.00088125485,-0.004936182,-7.474305e-05,0.00015785554,0.000120760385,0.0006687497,2.9788622e-05,0.00077336427,0.0005250853,0.0014529984,-0.000117654265,9.38895e-06,7.56924e-05,-1.3231915e-05,0.0002558642,0.00036983666,-7.8616926e-05,0.00025103713,-0.00027472503,0.0001647556,0.0002899816,0.0005390421,-1.5510841e-05,-0.00055705226,-0.0001337709,0.00016646276,-5.129313e-05,-4.4931014e-05,0.00021745436,-7.307621e-05,1.8772083e-05,-4.0229283e-05,-0.00010423772,9.881234e-05,0.0002757531,-4.2620362e-05,-0.00014728555,0.00023454815,0.00017483995,-0.00017011364,0.0001969785,-0.0029917909
BU*BV,-0.3024098001505746,0.06281915,1.479577057279892e-06,2.0932326e-05,-0.00040002374,-0.0012772471,-9.2805945e-05,-4.0354447e-05,0.00013455312,4.145839e-05,0.00015074023,-0.0004167897,-8.504558e-06,0.004137654,6.769726e-05,5.78398e-05,1.3905032e-05,-0.00039157705,7.004648e-05,-7.103327e-05,0.00030151082,-0.00016129902,0.00018661452,-7.2818793e-06,0.00050798536,0.00020540024,4.788315e-05,-0.00968838,0.0006719921,0.0009447561,0.003946246,0.00068506727,0.0012107989,-0.0003095866,0.000763285,-0.0001469907,-0.00015838414,0.000829075,0.00020585836,0.00019545323,-5.667586e-05,0.0013112039,-0.0011318021,-0.00043210128,1.5826745e-05,1.0737636e-05,0.00023714002,1.616674e-05,8.977381e-05,-0.00013120427,4.4275475e-05,-0.00011135573,3.262897e-05,0.00014819781,-0.00015866995,7.108385e-05,-0.0002850039,-3.418258e-05,-4.9460712e-05,0.0006097383,-2.4897789e-05,7.185482e-06,-0.0001564668,-4.4129174e-05,1.08161685e-05,-7.848867e-05,0.00018575237,-0.00014135608,-4.7127378e-05,6.8862e-05,-0.00034372712,-8.191417e-05,-0.00015580667,0.00024626445,-0.0006633847
BU*CS,-0.6975813394973792,0.12543243,2.676017246208255e-08,5.5730714e-05,-0.000647455,-0.0015718401,-0.0004959744,-8.2202205e-05,0.00018276242,3.1968222e-05,0.0004116523,-0.0013871059,-2.3420605e-05,0.006332887,0.00040269495,-0.00011701485,1.0385026e-05,-0.0009836215,2.6647574e-06,-0.0003700523,0.0005223837,-0.00031587525,2.7615564e-05,0.000812221,0.0005374756,0.0001870902,0.00017913306,-0.016326107,0.00076800364,0.0009785666,0.00068506727,0.015733294,0.0008676659,0.00070487545,-0.002470249,-0.00050118065,0.00010808048,-5.0181174e-05,0.0004293078,0.0019840254,0.0006464665,0.00020785353,0.0008080846,-0.0011193872,-7.825346e-06,0.0013596854,8.629719e-05,0.001049298,-0.00030769192,0.00014424905,-0.0005326425,-0.00031729607,0.00014248704,0.00024948345,0.0004501269,-0.0004195009,-0.0004418044,-9.777668e-05,0.0008040113,0.0010711513,-3.5615827e-05,2.2361912e-05,-8.0719365e-05,-0.0002458616,1.9816704e-05,-4.159938e-05,9.6338146e-05,0.00053649803,-7.698103e-05,-4.847264e-05,7.336268e-05,-0.00072903227,-0.00013387589,0.00031817183,-0.002388536
BU*CD,-0.3808273147211924,0.06546599,5.984930826706104e-09,1.13191045e-05,-0.0005132249,-0.0012555043,-0.0002974037,-9.194096e-05,0.00028860796,2.8260572e-05,8.589054e-05,-0.0004381262,-6.914467e-06,-0.0011263359,0.00014719175,6.5621905e-05,-2.737083e-05,-6.324471e-05,-1.2270915e-05,-9.504656e-05,0.00032506353,-0.000395871,6.82292e-05,2.1250607e-05,0.0017969076,2.7596745e-05,0.00016888851,0.001153152,0.0002820075,0.00081766176,0.0012107989,0.0008676659,0.004285795,5.1891322e-05,0.000822746,-5.3211388e-05,-3.9881565e-05,-0.00014844481,0.00027836012,0.0001469442,0.0007046593,0.0002930131,0.00067596795,-8.621152e-05,2.066832e-05,2.8527607e-05,6.157272e-05,8.066929e-05,0.0013642557,-1.2378912e-05,8.5408865e-05,-0.00011525153,-8.729344e-05,-9.736016e-05,0.00017458989,3.2048338e-05,-0.00050437154,-6.560802e-05,-0.0016358218,3.265389e-05,8.407747e-06,0.00011876669,-4.691563e-05,1.8442659e-05,3.827178e-05,-7.165666e-05,-4.565641e-05,0.000230176,-1.9398693e-05,-5.4704138e-05,-3.4982444e-05,-2.4233992e-05,-0.0005044275,3.280185e-05,-0.00019988859
BU*DP,-0.4071251864573337,0.11508675,0.000403856956932614,1.2994042e-05,-0.00022264813,-0.00028022818,-0.00021110347,-0.00011593759,3.283089e-05,4.318571e-05,0.00021248736,-0.00028651475,-8.021013e-06,-0.0019316482,0.00012475208,8.467658e-05,1.1643292e-05,0.00079372677,7.3543015e-05,-7.873004e-05,0.00018117335,-0.00012344966,6.2159044e-05,3.3634155e-05,5.6558e-05,0.001410709,-2.0457861e-05,0.0063947714,0.0002133015,-0.00088125485,-0.0003095866,0.00070487545,5.1891322e-05,0.01324496,-0.0018892157,-2.2903516e-05,9.602216e-05,-0.00019092413,0.00017611233,2.7175292e-05,0.00030761023,0.003382963,-0.00016508292,-1.4286446e-05,3.716573e-05,9.168928e-05,2.1634216e-05,4.5566198e-05,8.034487e-05,0.003915041,-0.00017880225,-0.0003879179,7.0460665e-05,0.00010792921,0.00027805223,0.00027225615,-0.00013901856,-0.0004386723,0.00030254328,9.571405e-05,-2.8442711e-05,-0.00032472127,-3.7234488e-06,0.00043052697,0.00013613074,1.3159338e-05,0.0008028292,-9.81043e-05,-2.6172325e-05,-4.854724e-05,9.798426e-05,0.00037253936,-0.00028502254,-0.0011303178,-0.001385525
BU*CH,0.8164769309868418,0.21971403,0.0002023301968521694,-4.631751e-05,-5.773627e-05,-3.263848e-05,-6.629542e-05,-0.00014104319,-0.00053435063,6.208889e-05,-0.0021800746,0.0005989938,2.1612464e-05,-0.0050369017,-4.3433312e-05,1.0845443e-05,-6.197336e-05,-0.0005936378,-0.0003236514,0.00042061854,-0.00023526985,0.0007520928,-0.00022317312,9.4819974e-05,-0.00015847781,0.0005189251,0.004761347,0.0026881895,-0.0014710361,-0.004936182,0.000763285,-0.002470249,0.000822746,-0.0018892157,0.048274253,0.00039575747,-0.00025061233,-0.00010373045,-0.00027389717,0.00019996568,-0.0005127672,-0.0017617085,0.0015217315,-9.9717745e-06,3.0038625e-05,0.00016765666,4.1608953e-05,-0.0003598884,-0.0007211183,-0.0010366252,0.0034274952,0.002908246,-0.00027423564,-0.0008034801,-0.00018056673,0.00035776067,0.0013165842,0.00022327474,-0.005603421,-0.00061235065,8.7501074e-05,0.00041075412,1.32398e-05,-0.00012717249,-0.0004139104,-0.00010556643,-4.6689638e-05,3.039767e-05,0.00015471775,-0.0008830118,0.0011919724,-0.0005689593,0.0028012705,-0.0005474823,0.007955855
BV*CA,-0.19090235068908581,0.12919426,0.13950469075990596,0.0002034444,1.1739471e-05,7.9942154e-05,0.00018159118,-2.5477684e-05,-0.000106847096,-2.3853238e-05,-0.00016573808,-0.0055872295,-4.063524e-05,0.0003754595,-0.00032106825,0.00052789086,-4.2147294e-06,0.00029131788,0.00013301263,0.0002242735,-1.5166713e-05,6.8994246e-05,-1.2677342e-05,-2.0679397e-05,-2.2404398e-05,7.466654e-06,2.6258224e-06,0.0018420295,-3.9855706e-05,-7.474305e-05,-0.0001469907,-0.00050118065,-5.3211388e-05,-2.2903516e-05,0.00039575747,0.016691156,-7.305197e-05,0.00067208195,-0.00079132686,-0.0018257062,-0.0005872031,0.0004783682,-0.001508178,0.0040996447,1.6593176e-05,7.435574e-05,-8.336416e-05,-0.00014282137,6.4269275e-06,0.0003694356,-0.00027846228,0.0005933347,-1.32495325e-05,-4.830707e-05,-0.00024407594,0.0001301288,0.0002142827,8.512386e-06,0.0007452355,0.0024020176,2.4115736e-05,6.8566274e-05,3.2957018e-06,0.00046470176,-2.6906837e-06,-2.9292869e-05,-0.00036470706,0.0031680318,5.7723228e-06,5.0368493e-05,-0.0002647843,-0.00030087586,0.00035050508,-9.072531e-05,0.0011517258
BV*BT,-0.4906560722085173,0.049720928,5.71813669469217e-23,6.567988e-05,0.0001323967,-0.0001043811,-0.0011940434,-5.5902183e-05,-7.528926e-06,-5.6222507e-06,-0.00017741858,-0.0017654919,-0.00010830926,-0.000750541,0.0005278012,0.00013591784,-2.1685662e-05,-0.00044793755,-2.2269856e-05,0.00047065862,4.2382588e-05,-0.00023504326,0.0003193837,-1.1936496e-06,-0.00023584453,8.546373e-05,-0.0004489692,0.0003459454,0.00022652892,0.00015785554,-0.00015838414,0.00010808048,-3.9881565e-05,9.602216e-05,-0.00025061233,-7.305197e-05,0.0024721709,0.00075890677,0.0012057112,4.1032632e-05,0.0014144279,-2.1860755e-05,0.0029513752,-6.004039e-05,0.00013668573,1.3776891e-05,-4.0605093e-05,0.0001437162,2.8307424e-05,2.8772769e-05,1.7520239e-06,-0.00019303872,-3.5760004e-05,9.068082e-06,0.00050005707,4.374016e-05,7.923871e-06,-2.8708541e-06,-0.00024166855,-0.00019310477,0.00019220677,-6.913664e-06,-6.406663e-05,-9.238678e-05,9.795292e-06,3.2824282e-05,-0.00013826879,4.549451e-05,2.5756293e-05,2.982884e-05,-1.0536888e-05,-0.00013894761,0.00020149857,-6.1669496e-05,0.0013153703
BV*BU,-0.4193636793114923,0.06346869,3.911001079768762e-11,9.498763e-05,-1.8493727e-06,1.4095573e-05,-0.0011801781,-5.5550354e-05,5.2970932e-05,-2.1224336e-05,-2.3415478e-05,-0.0020223535,-4.0165096e-06,-0.0006179475,0.00061376527,0.00018605168,-1.8500281e-05,-0.0003678785,5.6543786e-06,-4.598954e-05,-6.1602495e-06,0.00016225921,1.5179535e-05,-1.658192e-05,-8.144618e-05,-2.010645e-05,-0.000104846855,-0.0016294016,-7.055343e-05,0.000120760385,0.000829075,-5.0181174e-05,-0.00014844481,-0.00019092413,-0.00010373045,0.00067208195,0.00075890677,0.004028274,0.00093145214,7.422433e-05,0.0010757667,-0.002076521,0.0012055914,-0.00033277992,1.813454e-05,0.00037836508,-4.0028506e-05,0.00010706761,-8.507776e-05,-0.00025777586,-0.00018428522,-0.00047271838,2.5210991e-05,0.00014398177,0.00020032848,0.00013453954,-0.00014695336,-3.194086e-05,-0.00025217488,-0.00018679256,9.164034e-06,0.0003462805,-9.280675e-05,-0.0002644822,-6.373605e-05,1.558711e-05,-0.00065888814,-0.000289921,-2.5184389e-05,0.00052867347,-0.00064401055,1.910307e-05,-0.00014159827,-0.00039779773,0.00078891194
BV*BV,-0.6746266003032247,0.049692344,5.55289733305746e-42,0.0001167261,-0.0003287109,-0.0004999367,-0.0018726176,-0.000114278024,-5.2282867e-05,-5.646806e-06,-0.0003685349,-0.0027857465,-1.711516e-05,-0.0014964102,0.0006545505,0.00029424866,-3.6059264e-05,-1.993062e-05,3.0652664e-06,-0.00018441232,0.0002605295,7.933714e-05,2.0595464e-05,-2.76987e-05,0.00020761389,-1.4806667e-05,-8.434455e-06,-0.00013520515,0.00024196903,0.0006687497,0.00020585836,0.0004293078,0.00027836012,0.00017611233,-0.00027389717,-0.00079132686,0.0012057112,0.00093145214,0.0024693292,-0.0002102571,0.0022156953,-0.00035961432,0.004097436,-0.00030522753,3.321462e-05,7.460738e-06,2.5376632e-05,0.00029907704,0.00012604558,4.629692e-05,2.6450747e-05,-0.000264458,5.5180255e-05,4.343007e-05,0.0008869936,4.012292e-05,6.1477665e-05,-1.6727883e-05,-0.00022387302,-0.0003701718,-5.59119e-06,2.7877297e-05,5.1423223e-05,-0.00020302921,4.5998104e-06,4.353063e-05,-0.00023714165,-0.00011033038,2.6921294e-05,2.0096022e-06,0.00019596674,-0.00042274967,0.00050403824,-0.00015257651,0.002442647
BV*CS,-0.2969292648973654,0.088991374,0.0008480769344325725,4.7376143e-05,-0.000119943965,-0.00021121335,-0.00034589716,-8.285359e-05,-5.7002304e-05,-3.8860333e-05,-0.00019833424,-4.662609e-05,-2.5587722e-05,-0.0033452609,0.00033339227,-0.0006805383,-1.8737815e-05,-0.0008175419,-9.29039e-05,0.0006874704,9.134806e-05,-4.3428252e-05,3.3298807e-07,0.00026738705,8.520693e-05,3.6016263e-05,-1.7715915e-06,0.009882372,5.8149802e-05,2.9788622e-05,0.00019545323,0.0019840254,0.0001469442,2.7175292e-05,0.00019996568,-0.0018257062,4.1032632e-05,7.422433e-05,-0.0002102571,0.007919465,0.00041705387,-0.00036865144,-0.0013723647,0.0015820485,9.797133e-06,0.00019093693,0.0003790796,0.0005194962,-5.3424523e-05,0.00028402597,0.00029231556,6.8407455e-05,-4.9995674e-06,-2.2857474e-05,-0.00012799972,0.0007707006,7.51366e-05,3.1609616e-05,0.0001101092,0.002060786,7.700277e-06,-2.3848865e-05,0.000115652176,0.0013019649,4.4152162e-05,-9.83194e-05,-0.0004723466,0.00019942196,7.0753977e-06,5.4061456e-05,-0.00043426125,0.002362364,0.00011559019,-2.9415736e-05,0.0007720443
